1692606565.962626 0.012527 0.005480 0.005288 0.001878 -0.000413 0.002562 0.999995
1692606566.062974 -0.014147 0.001777 0.003134 0.002568 0.001089 0.005188 0.999983
1692606566.162513 0.021042 -0.008021 0.009385 0.003586 0.001952 0.003000 0.999987
1692606566.262739 0.085650 -0.047638 0.019327 0.003354 0.002538 0.003376 0.999985
1692606566.362695 0.109348 -0.068570 0.021793 0.003252 0.002030 0.003699 0.999986
1692606566.462847 0.161284 -0.062627 0.022468 0.003265 0.001981 0.003058 0.999988
1692606566.562871 0.142525 -0.041361 0.018127 0.003790 0.002097 0.001035 0.999990
1692606566.663065 0.141919 -0.011177 0.016911 0.003283 0.002116 -0.001182 0.999992
1692606566.763041 0.156482 -0.022251 0.020086 0.003558 0.001138 0.000469 0.999993
1692606566.862882 0.190995 -0.018805 0.017615 0.004368 0.000346 0.001155 0.999990
1692606566.962977 0.238380 -0.022216 0.018996 0.006269 0.000689 0.002980 0.999976
1692606567.063167 0.279483 -0.038763 0.018371 0.007084 0.005703 -0.006108 0.999940
1692606567.163158 0.321651 -0.050951 0.020085 0.006959 0.010019 -0.008321 0.999891
1692606567.263364 0.350130 -0.063599 0.017309 0.005167 0.008550 -0.015383 0.999832
1692606567.363394 0.384290 -0.073590 0.016226 0.005512 0.006441 -0.023201 0.999695
1692606567.463552 0.458458 -0.110272 0.013886 0.006965 -0.000217 -0.030357 0.999515
1692606567.563090 0.525783 -0.139562 0.008499 0.008353 -0.009306 -0.025572 0.999595
1692606567.662726 0.617488 -0.159510 0.024447 0.001906 -0.012210 -0.023402 0.999650
1692606567.762956 0.728912 -0.190153 0.064943 0.000890 -0.004974 -0.020391 0.999779
1692606567.862428 0.847032 -0.219348 0.090655 0.004236 0.008896 -0.003649 0.999945
1692606567.962154 0.963706 -0.222139 0.088247 -0.002124 0.019996 0.029050 0.999376
1692606568.061412 1.091381 -0.222021 0.078967 -0.015858 0.022419 0.086922 0.995837
1692606568.161366 1.218290 -0.221322 0.095190 -0.024968 0.016267 0.119686 0.992364
1692606568.262414 1.355244 -0.253263 0.143285 -0.026088 0.009256 0.129982 0.991130
1692606568.364748 1.476108 -0.292918 0.188890 -0.019914 0.002140 0.110579 0.993666
1692606568.466473 1.616319 -0.344801 0.202617 -0.009957 -0.006835 0.075004 0.997110
1692606568.567790 1.752115 -0.406079 0.201755 -0.000661 -0.013887 0.029816 0.999459
1692606568.668283 1.886661 -0.475814 0.216722 0.004852 -0.016795 -0.018849 0.999669
1692606568.768684 2.017153 -0.550806 0.249804 0.015422 -0.010293 -0.086055 0.996118
1692606568.868002 2.128293 -0.633264 0.270833 0.022697 -0.003715 -0.151197 0.988236
1692606568.966863 2.252091 -0.725662 0.275743 0.029727 -0.006854 -0.203572 0.978584
1692606569.065737 2.376228 -0.820706 0.284590 0.039141 -0.016829 -0.266600 0.962865
1692606569.165123 2.490637 -0.923579 0.311327 0.045871 -0.023393 -0.331873 0.941918
1692606569.264085 2.604027 -1.026406 0.350541 0.041650 -0.018167 -0.388629 0.920273
1692606569.362521 2.712543 -1.128014 0.376901 0.030214 -0.014425 -0.427823 0.903242
1692606569.460862 2.829051 -1.224900 0.386494 0.013412 -0.017859 -0.433937 0.900667
1692606569.558795 2.953970 -1.312057 0.409225 0.000164 -0.022988 -0.420150 0.907163
1692606569.657151 3.092745 -1.394353 0.449064 -0.013478 -0.021480 -0.378753 0.925150
1692606569.756440 3.266358 -1.453204 0.482646 -0.022177 -0.012171 -0.325414 0.945233
1692606569.856407 3.439200 -1.505329 0.485324 -0.035161 -0.009742 -0.254687 0.966335
1692606569.957762 3.621272 -1.523499 0.488271 -0.045153 -0.007984 -0.204573 0.977777
1692606570.059478 3.788235 -1.535053 0.517036 -0.051125 0.001424 -0.136270 0.989351
1692606570.161677 3.978884 -1.526361 0.552884 -0.054780 0.018867 -0.081360 0.994999
1692606570.263315 4.163958 -1.505866 0.553046 -0.057779 0.019467 -0.020824 0.997922
1692606570.364198 4.348242 -1.476184 0.558158 -0.064739 0.016765 0.064487 0.995675
1692606570.465176 4.526563 -1.432713 0.594792 -0.067447 0.026313 0.147807 0.986363
1692606570.565619 4.683401 -1.386609 0.618007 -0.067543 0.030381 0.219150 0.972876
1692606570.666182 4.840452 -1.323277 0.617517 -0.070377 0.032623 0.274758 0.958379
1692606570.767123 5.007440 -1.260419 0.617634 -0.067877 0.033220 0.304695 0.949447
1692606570.868402 5.175917 -1.204847 0.650148 -0.063451 0.038562 0.314418 0.946376
1692606570.969280 5.353939 -1.168488 0.691645 -0.059950 0.051774 0.298540 0.951104
1692606571.069541 5.534788 -1.146386 0.707406 -0.044887 0.052013 0.277034 0.958401
1692606571.168656 5.700859 -1.141652 0.704013 -0.022929 0.037921 0.262222 0.963990
1692606571.268147 5.850082 -1.165156 0.714170 -0.001037 0.019370 0.232139 0.972489
1692606571.368258 6.009299 -1.199556 0.756152 0.021338 0.016770 0.163586 0.986156
1692606571.467880 6.175201 -1.222352 0.785579 0.039246 0.018300 0.099396 0.994105
1692606571.566020 6.346473 -1.274094 0.789039 0.061222 0.006665 0.047207 0.996985
1692606571.665537 6.487060 -1.349240 0.794410 0.092216 -0.009110 -0.021921 0.995456
1692606571.765556 6.629088 -1.444513 0.816642 0.121296 -0.018565 -0.114927 0.985766
1692606571.865614 6.752521 -1.545083 0.843971 0.139219 -0.013164 -0.212722 0.967054
1692606571.964669 6.875554 -1.645763 0.841816 0.149360 -0.024959 -0.293719 0.943821
1692606572.063967 6.993925 -1.739739 0.837930 0.152532 -0.035299 -0.362368 0.918791
1692606572.163678 7.121481 -1.834875 0.867833 0.147104 -0.040191 -0.435497 0.887180
1692606572.262794 7.247282 -1.922723 0.914867 0.120644 -0.032368 -0.501835 0.855896
1692606572.361801 7.398407 -2.002546 0.950924 0.072563 -0.030954 -0.549901 0.831496
1692606572.460500 7.569001 -2.078873 0.980926 0.029777 -0.029172 -0.566294 0.823148
1692606572.558108 7.739418 -2.157622 1.028614 0.004576 -0.021736 -0.542226 0.839939
1692606572.656878 7.909633 -2.232309 1.076175 -0.012990 -0.004935 -0.502714 0.864341
1692606572.756696 8.085926 -2.332384 1.105727 -0.018641 0.005292 -0.451028 0.892299
1692606572.857131 8.264837 -2.433357 1.109669 -0.022429 0.003211 -0.393104 0.919215
1692606572.958212 8.457802 -2.504470 1.132641 -0.024379 0.006904 -0.331211 0.943217
1692606573.060208 8.660430 -2.550177 1.183054 -0.017795 0.019671 -0.262309 0.964619
1692606573.162543 8.874153 -2.564829 1.201087 -0.023855 0.022192 -0.205265 0.978164
1692606573.264675 9.068472 -2.568571 1.200061 -0.039036 0.016393 -0.155452 0.986936
1692606573.365606 9.259757 -2.572642 1.224991 -0.055110 0.009110 -0.087362 0.994609
1692606573.466470 9.468299 -2.576145 1.272205 -0.061563 0.029550 -0.030951 0.997185
1692606573.567971 9.673069 -2.598470 1.289009 -0.059786 0.038691 0.024139 0.997169
1692606573.667248 9.864361 -2.624087 1.286836 -0.049446 0.030887 0.057523 0.996640
1692606573.767845 10.052627 -2.669463 1.310512 -0.031172 0.026022 0.075919 0.996287
1692606573.868732 10.248103 -2.716384 1.360006 -0.003385 0.033612 0.065862 0.997257
1692606573.968659 10.425729 -2.759125 1.379551 0.017777 0.022611 0.049435 0.998363
1692606574.068817 10.595098 -2.810095 1.384622 0.043574 -0.006414 0.003335 0.999024
1692606574.168610 10.747097 -2.875653 1.403139 0.065807 -0.040949 -0.063448 0.994971
1692606574.268925 10.901049 -2.977900 1.456598 0.067054 -0.051795 -0.151199 0.984865
1692606574.368615 11.059862 -3.078328 1.493556 0.071459 -0.053343 -0.242828 0.965962
1692606574.466500 11.201145 -3.184388 1.493464 0.080618 -0.066091 -0.291241 0.950953
1692606574.564433 11.351548 -3.306389 1.500271 0.096792 -0.072593 -0.338674 0.933092
1692606574.663300 11.499796 -3.416640 1.541438 0.105224 -0.043265 -0.397102 0.910695
1692606574.762287 11.654795 -3.514826 1.587334 0.097985 -0.018072 -0.440951 0.891983
1692606574.860200 11.822599 -3.574361 1.612333 0.078188 -0.029235 -0.447953 0.890152
1692606574.957391 12.005679 -3.667831 1.643824 0.047479 -0.057946 -0.408579 0.909643
1692606575.058057 12.181074 -3.756984 1.687384 0.028740 -0.055501 -0.403995 0.912624
1692606575.158162 12.346909 -3.855235 1.718188 0.026686 -0.041331 -0.379854 0.923737
1692606575.258740 12.515050 -3.931815 1.710483 0.020325 -0.051465 -0.348316 0.935743
1692606575.359906 12.668625 -4.022879 1.713528 0.013085 -0.073231 -0.302214 0.950333
1692606575.461923 12.854090 -4.109731 1.766692 0.008497 -0.086112 -0.268142 0.959486
1692606575.565107 13.047505 -4.197389 1.823351 0.014149 -0.061604 -0.252806 0.965450
1692606575.666595 13.263011 -4.284584 1.841904 0.018730 -0.034038 -0.228573 0.972751
1692606575.768049 13.467006 -4.361870 1.838163 0.017734 -0.014324 -0.220479 0.975125
1692606575.868633 13.637220 -4.434423 1.855438 0.009585 -0.007295 -0.215685 0.976389
1692606575.968854 13.790468 -4.512434 1.892540 0.009692 -0.000071 -0.218533 0.975782
1692606576.068529 13.936773 -4.596084 1.914784 0.013469 -0.004400 -0.223911 0.974506
1692606576.166923 14.077058 -4.676568 1.928024 0.015313 -0.031589 -0.210997 0.976856
1692606576.265402 14.230717 -4.759954 1.965824 0.015666 -0.057168 -0.203492 0.977281
1692606576.364876 14.405629 -4.846255 2.018712 0.019695 -0.053670 -0.210389 0.975945
1692606576.464461 14.576600 -4.943985 2.051248 0.026797 -0.029714 -0.214967 0.975801
1692606576.563250 14.753257 -5.033614 2.045273 0.035239 -0.010545 -0.201739 0.978748
1692606576.662946 14.906817 -5.108051 2.033052 0.038724 -0.021898 -0.207407 0.977243
1692606576.763226 15.069332 -5.186853 2.068775 0.036991 -0.028874 -0.215645 0.975344
1692606576.863849 15.222316 -5.267316 2.122276 0.031097 -0.031858 -0.232516 0.971573
1692606576.963494 15.391233 -5.356850 2.148823 0.022713 -0.037722 -0.230493 0.972077
1692606577.062749 15.566098 -5.433005 2.157388 0.011806 -0.047208 -0.202631 0.978045
1692606577.162690 15.733388 -5.520575 2.178060 -0.000143 -0.047648 -0.196616 0.979322
1692606577.263531 15.898630 -5.618235 2.219537 0.003718 -0.038433 -0.205746 0.977843
1692606577.364318 16.077339 -5.704865 2.249202 0.005519 -0.028327 -0.227144 0.973433
1692606577.464305 16.255212 -5.763939 2.250334 -0.010620 -0.038491 -0.217276 0.975293
1692606577.564217 16.441749 -5.805674 2.265345 -0.036236 -0.049380 -0.211069 0.975550
1692606577.663821 16.617988 -5.828431 2.308295 -0.074395 -0.043340 -0.182733 0.979385
1692606577.762452 16.806089 -5.855141 2.349849 -0.101902 -0.019694 -0.149742 0.983263
1692606577.862127 16.997070 -5.865836 2.352037 -0.124383 -0.015294 -0.120737 0.984742
1692606577.961350 17.181864 -5.859553 2.352831 -0.146134 -0.014418 -0.063652 0.987110
1692606578.060971 17.363615 -5.834827 2.378270 -0.158839 -0.015987 0.008069 0.987142
1692606578.160780 17.536962 -5.804628 2.397096 -0.159858 -0.017078 0.093245 0.982578
1692606578.262442 17.712862 -5.771170 2.390603 -0.162107 -0.018534 0.141588 0.976387
1692606578.363129 17.900515 -5.716487 2.396937 -0.170700 -0.018878 0.206729 0.963207
1692606578.464690 18.065805 -5.631222 2.428345 -0.183099 -0.002587 0.253627 0.949811
1692606578.566204 18.243881 -5.544965 2.444981 -0.187437 0.013228 0.285308 0.939836
1692606578.666858 18.395177 -5.458676 2.440554 -0.180012 0.020715 0.329099 0.926747
1692606578.766573 18.567465 -5.353042 2.458645 -0.167638 0.032135 0.389545 0.905052
1692606578.866225 18.687212 -5.225525 2.480592 -0.149051 0.046926 0.428309 0.890019
1692606578.966603 18.815381 -5.084461 2.478625 -0.133557 0.056206 0.447090 0.882674
1692606579.066887 18.958567 -4.957544 2.472538 -0.122093 0.051037 0.451452 0.882428
1692606579.166455 19.106583 -4.845490 2.495164 -0.110140 0.045940 0.472898 0.872998
1692606579.267042 19.265168 -4.720369 2.534751 -0.107185 0.055835 0.462789 0.878191
1692606579.366709 19.408797 -4.601996 2.548370 -0.092107 0.056288 0.458618 0.882053
1692606579.465729 19.559438 -4.510105 2.547749 -0.063933 0.052666 0.467391 0.880162
1692606579.565371 19.731630 -4.435522 2.561291 -0.035320 0.045551 0.455379 0.888430
1692606579.666649 19.893929 -4.343432 2.586862 -0.017010 0.057627 0.416018 0.907369
1692606579.766238 20.071436 -4.274685 2.595056 0.010717 0.060840 0.390687 0.918448
1692606579.866540 20.244543 -4.248697 2.592946 0.048071 0.046058 0.328896 0.942017
1692606579.967251 20.444580 -4.242888 2.598911 0.089057 0.025124 0.247577 0.964439
1692606580.067522 20.642983 -4.263137 2.629425 0.118522 0.034754 0.162072 0.979019
1692606580.166450 20.815900 -4.310854 2.627807 0.160675 0.019371 0.092947 0.982430
1692606580.265161 20.991969 -4.363834 2.599503 0.210023 -0.002725 0.035468 0.977049
1692606580.364475 21.145590 -4.425471 2.560544 0.245441 -0.022697 -0.043376 0.968175
1692606580.463292 21.297655 -4.502238 2.550276 0.249808 -0.042394 -0.102509 0.961920
1692606580.561707 21.467909 -4.594139 2.572649 0.238042 -0.066974 -0.146766 0.957763
1692606580.663208 21.633346 -4.723559 2.615774 0.200126 -0.065016 -0.256749 0.943293
1692606580.763501 21.752627 -4.885527 2.658084 0.167298 -0.057220 -0.337672 0.924508
1692606580.863173 21.850156 -5.072856 2.703346 0.131942 -0.049814 -0.394831 0.907865
1692606580.962895 21.971018 -5.254048 2.740415 0.105582 -0.030013 -0.454730 0.883839
1692606581.063495 22.097181 -5.413521 2.772970 0.077723 -0.020032 -0.502856 0.860636
1692606581.162358 22.216130 -5.551799 2.826185 0.051447 0.000190 -0.530937 0.845848
1692606581.261476 22.362462 -5.664285 2.887762 0.015591 0.010388 -0.535598 0.844265
1692606581.360476 22.514547 -5.775682 2.933569 -0.019740 0.022229 -0.534480 0.844658
1692606581.458780 22.657498 -5.895554 2.964462 -0.045150 0.016115 -0.497749 0.865995
1692606581.558963 22.794538 -6.006519 3.002202 -0.060104 0.018486 -0.458483 0.886476
1692606581.659274 22.934029 -6.093666 3.026130 -0.073941 0.004553 -0.403108 0.912149
1692606581.759744 23.085154 -6.168303 3.050467 -0.090655 -0.014981 -0.332969 0.938450
1692606581.861415 23.263811 -6.229476 3.100746 -0.097921 -0.020529 -0.264853 0.959084
1692606581.962720 23.451519 -6.259339 3.133064 -0.104609 -0.020211 -0.198985 0.974194
1692606582.064133 23.640654 -6.297282 3.138579 -0.114749 -0.022394 -0.128093 0.984847
1692606582.164680 23.830008 -6.313633 3.152089 -0.127882 -0.023705 -0.047855 0.990351
1692606582.265366 24.032012 -6.336967 3.189825 -0.130256 0.005014 0.024807 0.991157
1692606582.366556 24.226112 -6.351105 3.210292 -0.117916 0.023341 0.076047 0.989832
1692606582.465610 24.392677 -6.380163 3.219374 -0.097537 0.028910 0.181362 0.978140
1692606582.565108 24.565835 -6.387957 3.243196 -0.076341 0.015718 0.266856 0.960579
1692606582.666972 24.737436 -6.401965 3.298270 -0.046975 0.008645 0.301850 0.952158
1692606582.768497 24.889853 -6.414337 3.328463 -0.010963 -0.011543 0.310113 0.950566
1692606582.870434 25.050623 -6.432776 3.331428 0.023186 -0.038641 0.266390 0.962811
1692606582.972020 25.228283 -6.466735 3.344053 0.049411 -0.065774 0.182705 0.979720
1692606583.072963 25.390386 -6.540134 3.388460 0.056986 -0.068381 0.086193 0.992294
1692606583.171860 25.557912 -6.617382 3.427716 0.055654 -0.061348 -0.025095 0.996248
1692606583.269235 25.716570 -6.700685 3.435948 0.058994 -0.073027 -0.080906 0.992291
1692606583.367147 25.885708 -6.792621 3.441876 0.075727 -0.074300 -0.126031 0.986337
1692606583.464564 26.042773 -6.874435 3.465000 0.093361 -0.057561 -0.190314 0.975577
1692606583.562059 26.207113 -6.956977 3.499462 0.090835 -0.038747 -0.222605 0.969894
1692606583.660409 26.373982 -7.030621 3.515706 0.078776 -0.034253 -0.245263 0.965643
1692606583.759498 26.522724 -7.098381 3.532478 0.064981 -0.033652 -0.288526 0.954672
1692606583.858890 26.648833 -7.199319 3.565533 0.051439 -0.035224 -0.300705 0.951677
1692606583.959946 26.811050 -7.291146 3.608388 0.040067 -0.025793 -0.336450 0.940495
1692606584.061024 26.962624 -7.392470 3.624811 0.030713 -0.028128 -0.353480 0.934514
1692606584.160770 27.097832 -7.494812 3.629559 0.024586 -0.038854 -0.331569 0.942310
1692606584.260225 27.237646 -7.589073 3.659403 0.018620 -0.062780 -0.290744 0.954558
1692606584.362809 27.407382 -7.675669 3.715545 0.022501 -0.066045 -0.279873 0.957498
1692606584.463240 27.599741 -7.745071 3.754591 0.018327 -0.056654 -0.240066 0.968929
1692606584.564511 27.781973 -7.816963 3.767387 0.009534 -0.040355 -0.227257 0.972952
1692606584.666175 27.913049 -7.886663 3.765323 -0.000283 -0.050732 -0.210784 0.976215
1692606584.766997 28.050634 -7.956741 3.787645 0.001653 -0.034451 -0.202679 0.978638
1692606584.868279 28.198127 -8.053923 3.819093 0.002125 -0.023166 -0.216050 0.976105
1692606584.967534 28.330259 -8.144905 3.845396 -0.005709 -0.065811 -0.195830 0.978410
1692606585.066952 28.509916 -8.220482 3.909858 -0.008206 -0.096995 -0.186787 0.977566
1692606585.166846 28.681159 -8.294143 3.955860 -0.015155 -0.093519 -0.182005 0.978723
1692606585.265202 28.857510 -8.334211 3.961145 -0.023734 -0.058488 -0.157541 0.985493
1692606585.362993 29.041738 -8.368066 3.934989 -0.049021 -0.031836 -0.090121 0.994214
1692606585.462322 29.244673 -8.392993 3.930993 -0.080297 -0.004817 -0.053956 0.995298
1692606585.561740 29.427113 -8.416859 3.972986 -0.113707 0.012355 -0.000891 0.993437
1692606585.662209 29.594162 -8.461117 4.033589 -0.115660 0.009793 0.029219 0.992811
1692606585.764272 29.752305 -8.547923 4.079087 -0.068910 -0.008443 0.048350 0.996415
1692606585.866552 29.916099 -8.677619 4.091628 0.006413 -0.041314 0.057261 0.997483
1692606585.969269 30.064730 -8.826548 4.101261 0.081479 -0.065762 0.032567 0.993970
1692606586.072475 30.234819 -8.960373 4.125006 0.143011 -0.068136 -0.053227 0.985937
1692606586.175171 30.399526 -9.084319 4.138688 0.155225 -0.047518 -0.188028 0.968655
1692606586.275598 30.521779 -9.181595 4.153781 0.124729 -0.028706 -0.326197 0.936597
1692606586.372786 30.640174 -9.238742 4.183361 0.075308 -0.045119 -0.403254 0.910867
1692606586.467773 30.769461 -9.279000 4.230913 0.006983 -0.066893 -0.419216 0.905392
1692606586.563468 30.945323 -9.313489 4.284437 -0.052792 -0.060042 -0.423971 0.902140
1692606586.659487 31.156848 -9.349997 4.311489 -0.096035 -0.031710 -0.406578 0.908001
1692606586.755457 31.374168 -9.375626 4.312695 -0.141668 0.005790 -0.335052 0.931470
1692606586.853482 31.603841 -9.375669 4.328592 -0.184865 0.046873 -0.260364 0.946487
1692606586.951859 31.821856 -9.362116 4.344354 -0.211469 0.086640 -0.148687 0.962116
1692606587.052047 32.046630 -9.330811 4.339972 -0.217838 0.105120 -0.014060 0.970206
1692606587.155544 32.229552 -9.302454 4.336939 -0.207362 0.093309 0.099547 0.968703
1692606587.260923 32.393441 -9.293841 4.375324 -0.184554 0.055138 0.188634 0.962973
1692606587.366600 32.567104 -9.301451 4.442216 -0.140026 0.023356 0.256340 0.956105
1692606587.472548 32.716885 -9.356704 4.490667 -0.070178 -0.023293 0.279722 0.957229
1692606587.576926 32.898749 -9.447997 4.515500 0.013345 -0.059833 0.266453 0.961897
1692606587.679288 33.104856 -9.563052 4.534315 0.103687 -0.090190 0.223118 0.965056
1692606587.780311 33.301117 -9.677299 4.547341 0.181809 -0.099678 0.135963 0.968774
1692606587.879555 33.465708 -9.767144 4.558791 0.209601 -0.073658 -0.004230 0.974999
1692606587.978642 33.615537 -9.829073 4.566721 0.196996 -0.053654 -0.135296 0.969540
1692606588.074537 33.756589 -9.869239 4.581224 0.169565 -0.052413 -0.247405 0.952518
1692606588.169736 33.902960 -9.922284 4.621551 0.137420 -0.045780 -0.329550 0.932961
1692606588.265157 34.076335 -9.974236 4.669496 0.094577 -0.023186 -0.398284 0.912079
1692606588.359507 34.233333 -10.010533 4.692995 0.044530 -0.022478 -0.405424 0.912767
1692606588.453988 34.427065 -10.033424 4.717969 -0.004059 -0.026801 -0.381734 0.923875
1692606588.550638 34.644200 -10.047034 4.768079 -0.044683 -0.009715 -0.345967 0.937132
1692606588.650186 34.890708 -10.052861 4.811749 -0.076825 0.026610 -0.308061 0.947886
1692606588.749759 35.133998 -10.051328 4.807974 -0.113629 0.058735 -0.226258 0.965632
1692606588.850904 35.379312 -10.030785 4.780937 -0.143891 0.078864 -0.119283 0.979208
1692606588.953478 35.590889 -10.010977 4.792642 -0.151747 0.087774 0.012119 0.984440
1692606589.058290 35.779777 -9.989238 4.828000 -0.131849 0.089252 0.124464 0.979366
1692606589.164988 35.962719 -9.992185 4.859589 -0.093742 0.064837 0.197182 0.973719
1692606589.270700 36.146057 -10.017527 4.888178 -0.049513 0.046853 0.262578 0.962500
1692606589.375783 36.305454 -10.043151 4.936544 -0.018730 0.026978 0.268974 0.962587
1692606589.479242 36.471949 -10.078800 4.994334 0.007986 0.003389 0.248782 0.968521
1692606589.579914 36.641321 -10.122848 5.014948 0.026215 -0.022206 0.221369 0.974585
1692606589.679015 36.797864 -10.185267 5.002016 0.038618 -0.057979 0.182821 0.980675
1692606589.776850 36.966745 -10.263351 5.014243 0.044900 -0.081314 0.119512 0.988478
1692606589.875303 37.124432 -10.367236 5.062232 0.043791 -0.071098 0.039024 0.995743
1692606589.971586 37.272989 -10.474709 5.085341 0.042855 -0.062462 0.000197 0.997127
1692606590.067421 37.425082 -10.596306 5.076328 0.040307 -0.071685 -0.027097 0.996244
1692606590.164044 37.576687 -10.708475 5.078933 0.044597 -0.072799 -0.045569 0.995306
1692606590.262002 37.739533 -10.829211 5.104614 0.050664 -0.062059 -0.060188 0.994967
1692606590.361153 37.925023 -10.961776 5.148107 0.049806 -0.055879 -0.059618 0.995411
1692606590.462933 38.109708 -11.117852 5.190809 0.041808 -0.047850 -0.112245 0.991647
1692606590.564055 38.281947 -11.292584 5.213840 0.014761 -0.050820 -0.182640 0.981755
1692606590.665805 38.409980 -11.488149 5.260119 -0.014924 -0.049235 -0.232087 0.971333
1692606590.766567 38.526164 -11.688750 5.322884 -0.029674 -0.051924 -0.262919 0.962963
1692606590.867886 38.654838 -11.884366 5.337355 -0.035378 -0.037096 -0.293606 0.954551
1692606590.967858 38.819705 -12.072054 5.350518 -0.037566 -0.045318 -0.296037 0.953361
1692606591.068376 38.976604 -12.247070 5.398419 -0.048353 -0.059334 -0.304318 0.949490
1692606591.169019 39.164635 -12.439855 5.433263 -0.064137 -0.048956 -0.327491 0.941403
1692606591.268988 39.326615 -12.612662 5.443805 -0.084439 -0.054006 -0.331064 0.938270
1692606591.367556 39.522636 -12.790857 5.496530 -0.086962 -0.059005 -0.318032 0.942238
1692606591.466904 39.710503 -12.948813 5.548256 -0.080794 -0.055997 -0.296647 0.949914
1692606591.566579 39.917037 -13.079200 5.552371 -0.060793 -0.061390 -0.274274 0.957763
1692606591.666216 40.157427 -13.169655 5.570310 -0.049004 -0.089057 -0.245961 0.963935
1692606591.765259 40.392049 -13.230257 5.611481 -0.056626 -0.110048 -0.211415 0.969529
1692606591.865472 40.634834 -13.262351 5.631495 -0.072660 -0.125890 -0.191254 0.970718
1692606591.965428 40.894425 -13.287751 5.662087 -0.074547 -0.138571 -0.125161 0.979579
1692606592.066826 41.150674 -13.256396 5.719425 -0.074649 -0.128648 -0.101548 0.983649
1692606592.167583 41.446605 -13.210675 5.755399 -0.060028 -0.097134 -0.060538 0.991613
1692606592.267627 41.717669 -13.140790 5.775867 -0.034832 -0.088045 -0.002488 0.995504
1692606592.368907 41.970872 -13.021917 5.802316 -0.036004 -0.099241 0.010974 0.994351
1692606592.470234 42.236686 -12.871257 5.822323 -0.053534 -0.106004 -0.016089 0.992793
1692606592.569237 42.491904 -12.729693 5.854610 -0.057845 -0.120556 0.042557 0.990106
1692606592.668848 42.755659 -12.572917 5.903312 -0.063532 -0.121648 0.066013 0.988336
1692606592.769108 43.014554 -12.402207 5.923349 -0.063469 -0.094885 0.081052 0.990151
1692606592.868612 43.275977 -12.198994 5.939321 -0.049740 -0.079948 0.108251 0.989654
1692606592.968763 43.497197 -11.980298 5.964058 -0.044036 -0.085721 0.110143 0.989233
1692606593.069469 43.743474 -11.747330 5.970916 -0.059513 -0.089734 0.084509 0.990588
1692606593.168504 44.008751 -11.536516 5.983596 -0.070805 -0.098247 0.111316 0.986379
1692606593.269016 44.288327 -11.312116 6.032075 -0.087778 -0.088737 0.109593 0.986109
1692606593.368573 44.565723 -11.087739 6.052512 -0.089767 -0.055470 0.108453 0.988485
1692606593.468347 44.841259 -10.880160 6.035753 -0.077061 -0.048901 0.116436 0.988996
1692606593.569209 45.088135 -10.659745 6.054611 -0.058207 -0.054379 0.088807 0.992859
1692606593.669982 45.356562 -10.457757 6.075820 -0.063210 -0.062524 0.051609 0.994702
1692606593.770496 45.591503 -10.250563 6.068261 -0.088805 -0.096139 0.019183 0.991213
1692606593.868846 45.850675 -10.036443 6.103923 -0.115096 -0.129650 0.024843 0.984544
1692606593.967376 46.150865 -9.825032 6.141944 -0.107494 -0.126078 0.061637 0.984251
1692606594.066395 46.458608 -9.613473 6.116168 -0.086350 -0.108480 0.084506 0.986729
1692606594.167941 46.753417 -9.361094 6.137795 -0.072337 -0.112788 0.065599 0.988809
1692606594.267968 47.052924 -9.109360 6.169250 -0.056845 -0.106262 0.054386 0.991221
1692606594.368616 47.334680 -8.871368 6.168716 -0.051125 -0.113317 0.044404 0.991249
1692606594.468820 47.611870 -8.631728 6.206139 -0.047899 -0.122020 0.057338 0.989712
1692606594.568769 47.899212 -8.382265 6.243817 -0.033833 -0.110669 0.063248 0.991265
1692606594.668766 48.218140 -8.127200 6.227006 -0.011284 -0.089308 0.075527 0.993072
1692606594.769117 48.505667 -7.848916 6.257800 -0.000263 -0.084100 0.068363 0.994109
1692606594.868170 48.769884 -7.589295 6.290822 -0.011641 -0.093157 0.047767 0.994437
1692606594.970551 49.058269 -7.347175 6.280368 -0.042223 -0.124954 0.021433 0.991032
1692606595.068712 49.323565 -7.120218 6.321146 -0.067214 -0.153048 0.049368 0.984693
1692606595.169088 49.630499 -6.880104 6.372033 -0.073484 -0.133668 0.044679 0.987288
1692606595.267861 49.914514 -6.653202 6.341855 -0.062767 -0.116791 0.089666 0.987107
1692606595.368067 50.204137 -6.390390 6.361549 -0.067482 -0.108156 0.072443 0.989192
1692606595.469798 50.491656 -6.114820 6.401227 -0.078233 -0.108615 0.043810 0.990032
1692606595.570781 50.760425 -5.873791 6.386613 -0.091449 -0.126170 0.015866 0.987657
1692606595.668516 51.048193 -5.669815 6.412593 -0.105522 -0.146797 0.054750 0.981997
1692606595.769730 51.356615 -5.463202 6.466400 -0.103584 -0.126345 0.040688 0.985724
1692606595.869204 51.644590 -5.286161 6.448739 -0.062040 -0.104413 0.070142 0.990116
1692606595.969229 51.930122 -5.100119 6.464756 -0.023820 -0.094956 0.087193 0.991369
1692606596.071514 52.225054 -4.903891 6.486161 -0.017752 -0.082938 0.033897 0.995820
1692606596.173146 52.500254 -4.737774 6.472080 -0.038128 -0.096587 -0.034717 0.993988
1692606596.271760 52.769223 -4.600900 6.509409 -0.049204 -0.118152 -0.028663 0.991361
1692606596.370785 53.049531 -4.492792 6.557193 -0.031236 -0.109346 -0.023648 0.993231
1692606596.469566 53.326917 -4.418105 6.539529 0.017578 -0.117680 0.000553 0.992896
1692606596.568959 53.608047 -4.338190 6.566892 0.062707 -0.130186 -0.000709 0.989504
1692606596.671881 53.892704 -4.275334 6.606602 0.083470 -0.098647 -0.091126 0.987420
1692606596.772862 54.159665 -4.239067 6.612607 0.065328 -0.109767 -0.151791 0.980124
1692606596.871249 54.405176 -4.237779 6.656885 0.056041 -0.128810 -0.174308 0.974620
1692606596.970596 54.649934 -4.281371 6.700018 0.071897 -0.107707 -0.199930 0.971215
1692606597.069664 54.887579 -4.335343 6.679025 0.099720 -0.104629 -0.228625 0.962725
1692606597.168921 55.110443 -4.404635 6.700487 0.123896 -0.112757 -0.248410 0.954059
1692606597.269225 55.321633 -4.491696 6.763858 0.125756 -0.092539 -0.297604 0.941835
1692606597.369608 55.502958 -4.564668 6.810879 0.102841 -0.081381 -0.355089 0.925588
1692606597.468243 55.679391 -4.672578 6.865407 0.074077 -0.096828 -0.371176 0.920524
1692606597.568085 55.838545 -4.826006 6.936638 0.060839 -0.093394 -0.397043 0.911006
1692606597.667829 55.996270 -4.988195 6.975859 0.074439 -0.078624 -0.418190 0.901884
1692606597.768030 56.150152 -5.145824 6.990069 0.085068 -0.090250 -0.436037 0.891342
1692606597.869001 56.289182 -5.299988 7.036691 0.108541 -0.073009 -0.478113 0.868502
1692606597.970214 56.438197 -5.442251 7.077722 0.110996 -0.056007 -0.534260 0.836128
1692606598.070570 56.567249 -5.526243 7.119302 0.068733 -0.061057 -0.584407 0.806236
1692606598.168946 56.702000 -5.633828 7.169864 0.011205 -0.088098 -0.592773 0.800459
1692606598.268362 56.836273 -5.753435 7.241445 -0.025304 -0.073625 -0.598191 0.797563
1692606598.367054 56.977124 -5.874629 7.276186 -0.045730 -0.062852 -0.587853 0.805225
1692606598.465499 57.123037 -5.981067 7.281221 -0.072741 -0.056702 -0.547770 0.831530
1692606598.563002 57.274589 -6.064160 7.298750 -0.117507 -0.065850 -0.469996 0.872330
1692606598.661991 57.459445 -6.132659 7.338698 -0.144402 -0.042646 -0.377575 0.913655
1692606598.762192 57.665986 -6.170260 7.346639 -0.171949 -0.014540 -0.297433 0.939018
1692606598.863097 57.846662 -6.187286 7.322268 -0.209153 0.001301 -0.189534 0.959339
1692606598.963882 58.018068 -6.182791 7.328802 -0.233652 0.015077 -0.064094 0.970088
1692606599.065740 58.222304 -6.189602 7.365263 -0.232769 0.034743 0.053926 0.970414
1692606599.169185 58.412375 -6.207564 7.395103 -0.203539 0.037465 0.138265 0.968530
1692606599.272112 58.580169 -6.226468 7.415755 -0.167220 0.021354 0.203404 0.964473
1692606599.374080 58.732294 -6.252770 7.448045 -0.135328 -0.023305 0.268980 0.953306
1692606599.476607 58.899495 -6.269115 7.501206 -0.097295 -0.041091 0.284137 0.952949
1692606599.577104 59.070400 -6.298424 7.540853 -0.061795 -0.036472 0.278709 0.957691
1692606599.678225 59.242382 -6.356259 7.548947 -0.029051 -0.043545 0.230592 0.971642
1692606599.776793 59.421244 -6.431971 7.561544 -0.002526 -0.067792 0.191986 0.979050
1692606599.876248 59.602343 -6.523043 7.609142 -0.001766 -0.062819 0.101875 0.992810
1692606599.974987 59.757732 -6.646467 7.638013 -0.014639 -0.060530 0.001558 0.998058
1692606600.071645 59.870854 -6.767158 7.644907 -0.020113 -0.070816 -0.059414 0.995515
1692606600.169036 60.001642 -6.880709 7.666463 -0.027803 -0.081075 -0.134083 0.987257
1692606600.266698 60.120878 -6.993046 7.715522 -0.043322 -0.059512 -0.194528 0.978131
1692606600.364703 60.251567 -7.098343 7.747566 -0.061508 -0.040728 -0.241489 0.967596
1692606600.463138 60.386222 -7.203900 7.758903 -0.072604 -0.039547 -0.284635 0.955064
1692606600.562034 60.495022 -7.312053 7.776698 -0.076836 -0.060613 -0.304310 0.947532
1692606600.662496 60.627744 -7.418129 7.824948 -0.077462 -0.052184 -0.328487 0.939879
1692606600.762919 60.764840 -7.529532 7.871901 -0.070404 -0.048850 -0.337291 0.937492
1692606600.863117 60.905787 -7.635560 7.883679 -0.067160 -0.070629 -0.322008 0.941707
1692606600.963375 61.078375 -7.736787 7.901355 -0.063216 -0.072194 -0.282122 0.954567
1692606601.064218 61.258566 -7.813684 7.942754 -0.056520 -0.059752 -0.238577 0.967634
1692606601.165448 61.472503 -7.864482 7.983503 -0.057989 -0.042311 -0.194487 0.978275
1692606601.267082 61.669888 -7.891591 7.995611 -0.068737 -0.013414 -0.165617 0.983700
1692606601.367932 61.832503 -7.897743 7.980873 -0.073746 -0.015906 -0.108073 0.991276
1692606601.467873 61.997260 -7.894153 7.998794 -0.072116 0.001772 -0.024081 0.997104
1692606601.567443 62.144488 -7.884455 8.042902 -0.069432 0.013109 0.074098 0.994745
1692606601.667317 62.296369 -7.885898 8.065065 -0.054321 -0.013103 0.175293 0.982929
1692606601.768859 62.458572 -7.917927 8.095967 -0.024814 -0.043847 0.235647 0.970532
1692606601.872221 62.640997 -7.986262 8.140121 0.019414 -0.063386 0.226328 0.971793
1692606601.975721 62.832790 -8.055484 8.179703 0.059896 -0.066050 0.192751 0.977188
1692606602.076775 63.023717 -8.128612 8.201580 0.072369 -0.064219 0.132159 0.986495
1692606602.177404 63.169653 -8.218051 8.210845 0.067693 -0.067664 0.032714 0.994871
1692606602.276998 63.325137 -8.301505 8.233526 0.052689 -0.077980 -0.083588 0.992046
1692606602.375740 63.472885 -8.412232 8.289001 0.021710 -0.053317 -0.218643 0.974105
1692606602.473525 63.597025 -8.523721 8.330615 -0.008486 -0.040000 -0.327636 0.943919
1692606602.567715 63.728211 -8.632080 8.343587 -0.032033 -0.057293 -0.358511 0.931215
1692606602.664235 63.876213 -8.702412 8.369762 -0.043992 -0.063427 -0.395487 0.915222
1692606602.759919 64.026995 -8.761410 8.409755 -0.066293 -0.065101 -0.395071 0.913940
1692606602.857311 64.212019 -8.797629 8.454496 -0.090765 -0.047375 -0.386447 0.916611
1692606602.954734 64.385384 -8.815403 8.467117 -0.113079 -0.051969 -0.324604 0.937627
1692606603.055015 64.549593 -8.829228 8.478850 -0.115686 -0.064443 -0.283745 0.949712
1692606603.155446 64.730318 -8.833942 8.505508 -0.118166 -0.088739 -0.190039 0.970591
1692606603.258251 64.931675 -8.836837 8.545827 -0.106027 -0.097035 -0.130793 0.980936
1692606603.362393 65.118771 -8.817978 8.555136 -0.083977 -0.104268 -0.067209 0.988716
1692606603.465312 65.308807 -8.782697 8.553959 -0.073880 -0.118509 0.015161 0.990085
1692606603.567848 65.484142 -8.727073 8.576183 -0.064675 -0.129601 0.105266 0.983839
1692606603.668781 65.670758 -8.652161 8.616187 -0.053256 -0.109411 0.200474 0.972113
1692606603.770336 65.845082 -8.580115 8.623418 -0.043187 -0.080364 0.300181 0.949509
1692606603.871423 66.021913 -8.503753 8.616510 -0.037684 -0.057931 0.362910 0.929258
1692606603.972602 66.197009 -8.436431 8.638287 -0.027457 -0.045000 0.403636 0.913400
1692606604.074682 66.381554 -8.386683 8.675256 -0.028589 -0.022528 0.376522 0.925692
1692606604.176334 66.578338 -8.327892 8.675425 -0.034383 -0.017810 0.302690 0.952302
1692606604.274350 66.755471 -8.299077 8.663049 -0.043323 -0.021883 0.273465 0.960657
1692606604.372717 66.923746 -8.275528 8.680029 -0.051910 -0.028315 0.224020 0.972789
1692606604.471112 67.096027 -8.247088 8.720669 -0.062731 -0.017724 0.162120 0.984616
1692606604.568729 67.277313 -8.236811 8.751010 -0.068862 -0.015678 0.111992 0.991196
1692606604.666022 67.463161 -8.230545 8.769509 -0.060144 -0.044766 0.088282 0.993270
1692606604.764399 67.664897 -8.213782 8.803324 -0.049857 -0.056093 0.055297 0.995646
1692606604.863117 67.869926 -8.198910 8.859676 -0.053925 -0.026117 0.039362 0.997427
1692606604.963084 68.052898 -8.193054 8.896222 -0.050859 0.002878 0.012505 0.998623
1692606605.062352 68.196153 -8.192217 8.876748 -0.033989 -0.022676 0.035152 0.998546
1692606605.163278 68.359877 -8.194551 8.872063 -0.021187 -0.043320 0.038042 0.998112
1692606605.265423 68.558475 -8.180865 8.920933 -0.006284 -0.066494 0.034854 0.997158
1692606605.367218 68.757568 -8.161505 8.991770 0.003575 -0.051554 0.022328 0.998414
1692606605.468547 68.983678 -8.117608 9.031897 0.000858 -0.037891 0.033457 0.998721
1692606605.569149 69.190080 -8.063517 9.032390 -0.006457 -0.024904 0.041689 0.998799
1692606605.669892 69.354549 -8.016300 9.023505 -0.012660 -0.017905 0.053477 0.998328
1692606605.769599 69.489348 -7.975287 9.026327 -0.019284 -0.015726 0.072256 0.997076
1692606605.870548 69.647810 -7.926806 9.052587 -0.029164 -0.009992 0.048239 0.998360
1692606605.970859 69.803039 -7.891024 9.079512 -0.022471 -0.046060 0.036526 0.998018
1692606606.071104 69.955600 -7.846343 9.128156 -0.015995 -0.082440 0.014619 0.996360
1692606606.169737 70.097034 -7.787942 9.184484 -0.022696 -0.109001 0.019993 0.993581
1692606606.268033 70.238786 -7.691890 9.216832 -0.050449 -0.114105 0.046089 0.991116
1692606606.366034 70.390809 -7.602493 9.220498 -0.073859 -0.108699 0.093710 0.986888
1692606606.464196 70.558042 -7.497946 9.201685 -0.082313 -0.099203 0.161086 0.978486
1692606606.562920 70.700596 -7.387261 9.191964 -0.092648 -0.096307 0.240453 0.961418
1692606606.662129 70.846245 -7.280175 9.224171 -0.108736 -0.072101 0.326135 0.936277
1692606606.763369 70.993474 -7.161125 9.264584 -0.107620 -0.051589 0.384432 0.915406
1692606606.866358 71.170934 -7.083799 9.285268 -0.079679 -0.061468 0.408167 0.907344
1692606606.970222 71.351520 -7.041853 9.308626 -0.037475 -0.076124 0.398467 0.913249
1692606607.074287 71.543738 -7.014338 9.338406 0.006291 -0.081881 0.343803 0.935444
1692606607.177087 71.755118 -6.983587 9.364524 0.028187 -0.075232 0.273984 0.958373
1692606607.277823 71.951405 -6.979906 9.373504 0.039012 -0.071736 0.179113 0.980434
1692606607.378077 72.118720 -7.006199 9.363680 0.063190 -0.090709 0.075014 0.991036
1692606607.476969 72.269062 -7.043357 9.384662 0.081205 -0.093887 -0.057683 0.990588
1692606607.574400 72.422711 -7.081421 9.420934 0.086429 -0.094618 -0.170616 0.976969
1692606607.670323 72.559190 -7.098536 9.433366 0.082199 -0.119680 -0.234956 0.961101
1692606607.765714 72.719059 -7.113592 9.460506 0.066591 -0.145755 -0.264653 0.950936
1692606607.862731 72.885301 -7.088629 9.505429 0.044874 -0.154665 -0.293360 0.942340
1692606607.960108 73.065229 -7.048386 9.561652 0.017843 -0.142224 -0.297964 0.943754
1692606608.058092 73.242489 -7.003323 9.597515 -0.008365 -0.124035 -0.281944 0.951343
1692606608.156812 73.421148 -6.934276 9.608338 -0.038692 -0.124257 -0.245300 0.960672
1692606608.257156 73.578790 -6.861019 9.623171 -0.066940 -0.123432 -0.185861 0.972491
1692606608.357740 73.736313 -6.791957 9.657679 -0.073199 -0.121466 -0.101878 0.984636
1692606608.459801 73.910028 -6.712667 9.668000 -0.058002 -0.112480 -0.006901 0.991936
1692606608.561889 74.083352 -6.617747 9.651494 -0.058052 -0.112918 0.111836 0.985582
1692606608.663767 74.231326 -6.505813 9.658989 -0.057499 -0.119747 0.242724 0.960958
1692606608.766465 74.378596 -6.385720 9.702217 -0.055197 -0.100934 0.360449 0.925658
1692606608.869027 74.486702 -6.264045 9.713580 -0.056547 -0.083114 0.460980 0.881699
1692606608.971585 74.602007 -6.170253 9.699294 -0.046534 -0.077453 0.551888 0.829009
1692606609.072191 74.695894 -6.088079 9.694980 -0.036247 -0.067674 0.639898 0.764616
1692606609.172228 74.796651 -6.002909 9.720546 -0.043477 -0.042392 0.725754 0.685269
1692606609.272255 74.887322 -5.908427 9.738096 -0.045559 -0.014189 0.794934 0.604816
1692606609.371219 75.006765 -5.845754 9.741142 -0.046126 0.015071 0.861458 0.505505
1692606609.470432 75.132491 -5.795757 9.744682 -0.036617 0.030781 0.909782 0.412320
1692606609.570397 75.250065 -5.763028 9.773543 -0.047502 0.046889 0.943502 0.324575
1692606609.669039 75.368002 -5.737099 9.794690 -0.041986 0.053336 0.973325 0.219162
1692606609.768180 75.500773 -5.729997 9.800928 -0.032421 0.056412 0.992177 0.106542
1692606609.867331 75.639734 -5.729789 9.816500 -0.024465 0.058059 0.997943 -0.011856
1692606609.966439 75.793093 -5.712791 9.846195 -0.030175 0.068541 0.985871 -0.149833
1692606610.065919 75.964378 -5.666073 9.854193 -0.024861 0.082971 0.953373 -0.289097
1692606610.165738 76.129987 -5.632577 9.863756 -0.003729 0.091588 0.903481 -0.418713
1692606610.268348 76.294454 -5.589842 9.905058 -0.001078 0.091346 0.859875 -0.502265
1692606610.369416 76.472060 -5.543863 9.943241 -0.007470 0.090517 0.805285 -0.585890
1692606610.472244 76.665473 -5.494126 9.950766 -0.003921 0.091008 0.747132 -0.658404
1692606610.570458 76.847771 -5.426716 9.951173 0.001040 0.099174 0.661099 -0.743714
1692606610.669630 77.015260 -5.361672 9.968458 -0.005634 0.105024 0.550365 -0.828273
1692606610.770627 77.219649 -5.307725 9.990930 -0.024627 0.086549 0.476325 -0.874653
1692606610.871609 77.433992 -5.238337 9.985057 -0.031268 0.085502 0.401551 -0.911300
1692606610.971373 77.637899 -5.169860 9.977957 -0.026689 0.098108 0.316278 -0.943202
1692606611.070387 77.798701 -5.069393 9.998537 -0.023956 0.103679 0.213828 -0.971059
1692606611.171108 77.984154 -4.974558 10.047388 -0.028855 0.087834 0.153857 -0.983758
1692606611.271442 78.184251 -4.876468 10.070539 -0.029649 0.070718 0.108384 -0.991147
1692606611.370850 78.371413 -4.761339 10.059652 -0.024324 0.058101 0.049336 -0.996794
1692606611.470530 78.541524 -4.637045 10.072268 -0.012742 0.055558 -0.006227 -0.998355
1692606611.570073 78.721379 -4.520944 10.108687 -0.002360 0.038165 -0.050334 -0.998000
1692606611.670666 78.878964 -4.404626 10.129055 0.017335 0.025748 -0.064068 -0.997463
1692606611.768559 79.005205 -4.292542 10.117335 0.027588 0.044043 -0.150915 -0.987180
1692606611.867747 79.130149 -4.187060 10.124984 0.031116 0.066067 -0.210806 -0.974796
1692606611.967467 79.270770 -4.046447 10.155084 0.026650 0.075651 -0.265999 -0.960631
1692606612.068645 79.415246 -3.906857 10.167033 0.031600 0.078597 -0.299940 -0.950189
1692606612.169505 79.548342 -3.763029 10.144962 0.038877 0.090440 -0.324657 -0.940695
1692606612.270080 79.685605 -3.614456 10.138270 0.040398 0.104447 -0.375485 -0.920038
1692606612.369766 79.814185 -3.457572 10.160884 0.039578 0.100040 -0.405356 -0.907806
1692606612.470755 79.952530 -3.298073 10.182585 0.040241 0.079778 -0.423963 -0.901261
1692606612.571021 80.077854 -3.157608 10.168613 0.032809 0.070747 -0.447246 -0.891005
1692606612.671647 80.189625 -3.003179 10.160678 0.019282 0.071201 -0.460937 -0.884362
1692606612.771138 80.315927 -2.850768 10.181317 0.000126 0.066100 -0.477312 -0.876244
1692606612.870901 80.420076 -2.698747 10.191428 -0.001709 0.059784 -0.489153 -0.870145
1692606612.971453 80.526180 -2.544489 10.170386 0.000498 0.066695 -0.477141 -0.876292
1692606613.071545 80.613781 -2.382695 10.156548 0.004126 0.074842 -0.468812 -0.880112
1692606613.170703 80.711401 -2.217500 10.165921 0.006572 0.078592 -0.469700 -0.879297
1692606613.270710 80.828711 -2.037378 10.184591 0.021349 0.063799 -0.443391 -0.893800
1692606613.370641 80.965025 -1.873770 10.174106 0.026916 0.052441 -0.428769 -0.901489
1692606613.468881 81.114916 -1.727318 10.155830 0.029166 0.049711 -0.450304 -0.891013
1692606613.567863 81.258360 -1.585454 10.164913 0.022835 0.050944 -0.460077 -0.886122
1692606613.668137 81.401223 -1.431459 10.180476 0.020765 0.041004 -0.452458 -0.890600
1692606613.769058 81.546738 -1.291651 10.180400 0.027325 0.033614 -0.437076 -0.898381
1692606613.869096 81.684451 -1.141856 10.159716 0.032179 0.036626 -0.421186 -0.905663
1692606613.969857 81.827104 -1.031515 10.172541 0.031958 0.034928 -0.398358 -0.916007
1692606614.071388 81.986745 -0.941403 10.215730 0.042366 0.028501 -0.336242 -0.940391
1692606614.171541 82.145226 -0.859988 10.226687 0.038091 0.040179 -0.307770 -0.949848
1692606614.270745 82.315088 -0.789324 10.222321 0.027219 0.054038 -0.292202 -0.954441
1692606614.370943 82.461585 -0.748766 10.240093 0.017739 0.065501 -0.253349 -0.964992
1692606614.470986 82.624932 -0.714186 10.279298 0.012116 0.051771 -0.202023 -0.977937
1692606614.570385 82.817997 -0.664114 10.303119 0.010277 0.039991 -0.183133 -0.982221
1692606614.670028 82.997358 -0.628280 10.306426 0.004825 0.045670 -0.144093 -0.988498
1692606614.769663 83.170803 -0.612841 10.330524 -0.008475 0.055632 -0.105727 -0.992802
1692606614.869750 83.343361 -0.623870 10.379001 -0.014830 0.054393 -0.058374 -0.996702
1692606614.970352 83.517132 -0.664195 10.408819 -0.021845 0.056866 0.005200 -0.998129
1692606615.069773 83.670288 -0.716869 10.409708 -0.031128 0.073079 0.036220 -0.996182
1692606615.169360 83.846660 -0.785729 10.427592 -0.040997 0.087974 0.068931 -0.992889
1692606615.269959 84.014610 -0.856870 10.473396 -0.055594 0.088410 0.131620 -0.985784
1692606615.370120 84.186964 -0.917275 10.512228 -0.059338 0.072101 0.182040 -0.978847
1692606615.469704 84.366675 -1.005155 10.528299 -0.050933 0.064931 0.219638 -0.972085
1692606615.570586 84.551941 -1.087331 10.559484 -0.044463 0.056599 0.283248 -0.956342
1692606615.670564 84.713158 -1.190811 10.607178 -0.037383 0.052993 0.344501 -0.936543
1692606615.769897 84.851392 -1.318665 10.647986 -0.035775 0.049062 0.378580 -0.923575
1692606615.869609 84.985519 -1.431155 10.654797 -0.035209 0.057198 0.412742 -0.908368
1692606615.968256 85.075074 -1.568191 10.651067 -0.031812 0.073501 0.420964 -0.903535
1692606616.069783 85.167108 -1.717685 10.690301 -0.039434 0.067726 0.490674 -0.867811
1692606616.170428 85.261965 -1.857412 10.735748 -0.047663 0.043520 0.539085 -0.839775
1692606616.269887 85.342915 -2.007393 10.752386 -0.039027 0.036895 0.565116 -0.823261
1692606616.369319 85.440692 -2.165174 10.761364 -0.026710 0.043756 0.586531 -0.808303
1692606616.468894 85.512527 -2.318353 10.793431 -0.025249 0.048363 0.608457 -0.791709
1692606616.568301 85.601516 -2.473705 10.843759 -0.030040 0.037771 0.614277 -0.787613
1692606616.668549 85.701320 -2.619065 10.876441 -0.036358 0.035386 0.626435 -0.777821
1692606616.766900 85.825553 -2.745296 10.889395 -0.036407 0.055428 0.597865 -0.798849
1692606616.866358 85.957160 -2.875395 10.925004 -0.030005 0.057372 0.574281 -0.816094
1692606616.965782 86.101195 -2.981129 10.989959 -0.023600 0.048372 0.539864 -0.840030
1692606617.064785 86.245256 -3.074273 11.035794 -0.006877 0.054772 0.472002 -0.879868
1692606617.164796 86.393500 -3.143488 11.049806 0.007495 0.072411 0.387526 -0.918980
1692606617.264824 86.542837 -3.206330 11.068818 0.014611 0.088172 0.287979 -0.953457
1692606617.365735 86.701417 -3.268405 11.129017 0.018698 0.078571 0.192313 -0.978004
1692606617.467233 86.850390 -3.342436 11.180653 0.020284 0.065357 0.098637 -0.992768
1692606617.568434 86.999605 -3.411353 11.197735 0.023255 0.066686 -0.002421 -0.997500
1692606617.670606 87.156982 -3.478122 11.219538 0.025446 0.057546 -0.099815 -0.993015
1692606617.771853 87.323616 -3.535204 11.261094 0.029074 0.043292 -0.170537 -0.983970
1692606617.872679 87.484488 -3.580358 11.312042 0.021877 0.020519 -0.255537 -0.966334
1692606617.972798 87.632021 -3.617667 11.322717 0.021797 0.016350 -0.326296 -0.944875
1692606618.072466 87.760684 -3.660328 11.321603 0.020419 0.020667 -0.392523 -0.919283
1692606618.172326 87.877438 -3.694873 11.327274 0.020013 0.030734 -0.443078 -0.895733
1692606618.271646 87.990952 -3.720792 11.360094 0.034857 0.033469 -0.499682 -0.864860
1692606618.370136 88.091238 -3.742111 11.392656 0.048766 0.032223 -0.569680 -0.819786
1692606618.468136 88.200843 -3.760665 11.405503 0.057421 0.028990 -0.652226 -0.755291
1692606618.566455 88.304326 -3.775587 11.413226 0.066813 0.022944 -0.733348 -0.676173
1692606618.666126 88.388387 -3.804690 11.461443 0.088285 -0.004148 -0.805019 -0.586628
1692606618.764976 88.487104 -3.862891 11.495817 0.087642 -0.038090 -0.882446 -0.460605
1692606618.865532 88.602897 -3.924033 11.505010 0.081056 -0.060639 -0.933988 -0.342665
1692606618.966814 88.712976 -4.015983 11.519869 0.082796 -0.069716 -0.967240 -0.229633
1692606619.067828 88.828525 -4.095600 11.545936 0.097819 -0.078542 -0.987813 -0.092136
1692606619.168986 88.970044 -4.173612 11.573667 0.105515 -0.086357 -0.989415 0.049669
1692606619.268946 89.134225 -4.242347 11.589453 0.085900 -0.088701 -0.970154 0.208699
1692606619.370400 89.311833 -4.309691 11.621138 0.063956 -0.080522 -0.934762 0.340068
1692606619.473379 89.504168 -4.351689 11.678559 0.068399 -0.066798 -0.909485 0.404595
1692606619.573425 89.693943 -4.410387 11.707785 0.060913 -0.061353 -0.867532 0.489811
1692606619.674325 89.893991 -4.423782 11.711663 0.046646 -0.054890 -0.819203 0.568962
1692606619.772214 90.105129 -4.437472 11.726075 0.015804 -0.062509 -0.744824 0.664138
1692606619.871358 90.312696 -4.478830 11.775775 -0.004367 -0.048948 -0.666485 0.743897
1692606619.970738 90.499259 -4.479990 11.801199 -0.032279 -0.045176 -0.580903 0.812077
1692606620.069391 90.695236 -4.488032 11.805198 -0.076429 -0.064734 -0.469448 0.877261
1692606620.168743 90.876257 -4.485140 11.823553 -0.101486 -0.066153 -0.338545 0.933119
1692606620.268904 91.083649 -4.483916 11.861340 -0.103378 -0.050168 -0.219477 0.968827
1692606620.369020 91.277310 -4.468118 11.888287 -0.090612 -0.030246 -0.100687 0.990322
1692606620.470241 91.460780 -4.443109 11.884565 -0.077373 -0.018590 0.006462 0.996808
1692606620.573856 91.635855 -4.410983 11.887600 -0.073415 -0.014040 0.065886 0.995024
1692606620.672503 91.801916 -4.391343 11.927059 -0.065978 -0.011453 0.170246 0.983124
1692606620.773722 91.980014 -4.390960 11.977841 -0.049146 -0.006867 0.244378 0.968409
1692606620.874532 92.147810 -4.413352 12.004395 -0.021147 -0.026373 0.296593 0.954405
1692606620.976317 92.347171 -4.428437 12.031855 0.013314 -0.032613 0.293859 0.955199
1692606621.077718 92.549429 -4.501568 12.051556 0.045740 -0.052625 0.264036 0.961989
1692606621.178422 92.746410 -4.594364 12.078847 0.084167 -0.061201 0.228626 0.967936
1692606621.277368 92.939063 -4.688058 12.095479 0.117913 -0.061458 0.175014 0.975546
1692606621.377705 93.112173 -4.804953 12.105175 0.155947 -0.058018 0.081164 0.982714
1692606621.476822 93.276336 -4.948510 12.114506 0.186416 -0.058439 -0.019167 0.980544
1692606621.575625 93.426264 -5.093720 12.151228 0.182268 -0.040379 -0.135227 0.973068
1692606621.673692 93.536185 -5.209184 12.188139 0.156512 -0.048411 -0.244478 0.955715
1692606621.770463 93.685752 -5.305909 12.222132 0.127817 -0.070436 -0.312836 0.938528
1692606621.869676 93.830596 -5.406446 12.268658 0.085039 -0.085002 -0.400153 0.908527
1692606621.966475 93.974880 -5.478998 12.325296 0.032644 -0.086108 -0.452584 0.886954
1692606622.064296 94.157640 -5.552047 12.367582 -0.023303 -0.089826 -0.480567 0.872034
1692606622.162924 94.316120 -5.618548 12.390970 -0.074499 -0.098402 -0.480920 0.868034
1692606622.261477 94.486929 -5.685478 12.425705 -0.119000 -0.097680 -0.447536 0.880914
1692606622.361961 94.664476 -5.777608 12.485917 -0.144486 -0.067607 -0.413417 0.896459
1692606622.463275 94.831575 -5.869415 12.514749 -0.143512 -0.030234 -0.371938 0.916598
1692606622.564480 95.014664 -5.963551 12.514789 -0.141962 -0.017297 -0.287689 0.946986
1692606622.666691 95.200976 -6.023638 12.533089 -0.145726 -0.013466 -0.199085 0.968993
1692606622.769224 95.373643 -6.075549 12.574876 -0.138823 -0.001406 -0.118324 0.983222
1692606622.871486 95.539913 -6.108954 12.602714 -0.128628 0.011703 -0.029206 0.991194
1692606622.973164 95.707714 -6.140549 12.613992 -0.120217 0.006616 0.063607 0.990686
1692606623.074174 95.842972 -6.168053 12.641015 -0.110612 0.003425 0.163202 0.980366
1692606623.175622 95.979763 -6.204138 12.695166 -0.085638 0.023491 0.219847 0.971484
1692606623.277037 96.138748 -6.263172 12.735465 -0.048371 0.024088 0.262426 0.963438
1692606623.377074 96.279574 -6.358937 12.749131 -0.007720 -0.000065 0.299264 0.954139
1692606623.478330 96.426799 -6.467435 12.776384 0.034789 -0.019473 0.289081 0.956474
1692606623.580015 96.576001 -6.577296 12.820521 0.067290 -0.044557 0.204533 0.975527
1692606623.679370 96.737626 -6.680450 12.857903 0.086404 -0.056578 0.141853 0.984485
1692606623.778027 96.879513 -6.785143 12.867128 0.085665 -0.074417 0.066851 0.991289
1692606623.876971 97.014407 -6.891267 12.877740 0.080905 -0.099802 -0.040539 0.990884
1692606623.974951 97.149048 -7.009701 12.909967 0.066394 -0.124231 -0.133757 0.980952
1692606624.072806 97.271342 -7.129488 12.967212 0.042945 -0.128217 -0.222357 0.965543
1692606624.170989 97.397858 -7.256788 13.010767 0.029655 -0.126951 -0.295781 0.946318
1692606624.268311 97.533816 -7.371684 13.027864 0.020035 -0.134238 -0.339809 0.930649
1692606624.367455 97.676881 -7.483866 13.061924 -0.000537 -0.135058 -0.401886 0.905675
1692606624.466187 97.833113 -7.566698 13.121582 -0.023157 -0.117481 -0.428352 0.895643
1692606624.565105 97.992372 -7.634080 13.168488 -0.045146 -0.099924 -0.430582 0.895866
1692606624.664638 98.159100 -7.689231 13.177750 -0.072696 -0.103814 -0.407183 0.904511
1692606624.765245 98.350413 -7.734841 13.187173 -0.089941 -0.101803 -0.388808 0.911249
1692606624.866207 98.552412 -7.770737 13.213497 -0.105584 -0.101973 -0.348329 0.925808
1692606624.968400 98.754546 -7.807439 13.248520 -0.108837 -0.097242 -0.321767 0.935502
1692606625.070241 98.947498 -7.823979 13.258025 -0.103959 -0.098419 -0.271988 0.951593
1692606625.171021 99.157545 -7.813527 13.267259 -0.108120 -0.096043 -0.200731 0.968913
1692606625.271392 99.367668 -7.774066 13.302143 -0.094622 -0.088783 -0.101229 0.986366
1692606625.373724 99.570181 -7.703015 13.337068 -0.086646 -0.064992 -0.051107 0.992802
1692606625.475353 99.751882 -7.595044 13.344820 -0.093339 -0.054851 -0.000275 0.994122
1692606625.575001 99.922323 -7.482429 13.363451 -0.099697 -0.045284 0.074897 0.991161
1692606625.673840 100.122452 -7.377527 13.383795 -0.100703 -0.024566 0.177684 0.978613
1692606625.774609 100.303653 -7.273338 13.402872 -0.100874 -0.007362 0.250471 0.962826
1692606625.874540 100.469903 -7.176630 13.402428 -0.092343 -0.009384 0.312410 0.945402
1692606625.975087 100.623350 -7.061071 13.410615 -0.080204 -0.015526 0.359530 0.929551
1692606626.075650 100.789101 -6.955183 13.447961 -0.062013 -0.016189 0.396595 0.915753
1692606626.176615 100.944260 -6.850238 13.483720 -0.054346 -0.017185 0.404283 0.912856
1692606626.276962 101.075883 -6.768212 13.485817 -0.045688 -0.040042 0.402340 0.913473
1692606626.376988 101.222991 -6.682865 13.498260 -0.040087 -0.067684 0.379679 0.921768
1692606626.476360 101.385640 -6.608002 13.544182 -0.033955 -0.083696 0.359057 0.928935
1692606626.577431 101.562263 -6.548122 13.577550 -0.029234 -0.088557 0.299480 0.949534
1692606626.675368 101.750575 -6.495394 13.574519 -0.008054 -0.103501 0.283588 0.953310
1692606626.774970 101.943128 -6.457547 13.570362 0.015943 -0.119941 0.234450 0.964569
1692606626.875957 102.140040 -6.430602 13.611209 0.031971 -0.104670 0.154338 0.981938
1692606626.974667 102.360003 -6.422021 13.657904 0.034526 -0.079692 0.109508 0.990184
1692606627.074028 102.575975 -6.416420 13.682465 0.029475 -0.061045 0.056025 0.996125
1692606627.173257 102.787838 -6.408049 13.706603 0.019246 -0.030088 -0.001972 0.999360
1692606627.272310 102.999669 -6.404350 13.737755 0.009865 0.013491 -0.037498 0.999157
1692606627.371776 103.217277 -6.419963 13.771043 -0.003678 0.076124 -0.080205 0.993861
1692606627.469495 103.406852 -6.421767 13.771609 -0.004540 0.087145 -0.070657 0.993676
1692606627.569078 103.565933 -6.434822 13.775718 0.000590 0.058653 -0.080546 0.995024
1692606627.669273 103.698721 -6.434464 13.825699 0.001883 0.020205 -0.088984 0.995826
1692606627.769585 103.834442 -6.413971 13.873655 -0.002023 -0.014466 -0.075744 0.997020
1692606627.870408 103.991306 -6.388508 13.896331 -0.017128 -0.059756 -0.063038 0.996073
1692606627.971504 104.163248 -6.372324 13.905569 -0.029250 -0.113658 -0.061813 0.991164
1692606628.072353 104.324370 -6.367614 13.940635 -0.042653 -0.150230 -0.047890 0.986569
1692606628.173683 104.494375 -6.381829 14.005994 -0.052923 -0.153707 -0.052858 0.985281
1692606628.275536 104.676805 -6.390500 14.048997 -0.053805 -0.132322 -0.067616 0.987433
1692606628.375296 104.887470 -6.403883 14.051617 -0.050620 -0.108537 -0.044541 0.991803
1692606628.475432 105.105880 -6.417368 14.054308 -0.044980 -0.061659 -0.044711 0.996080
1692606628.574914 105.291044 -6.418951 14.077230 -0.034334 -0.016475 -0.025438 0.998951
1692606628.674246 105.498977 -6.424310 14.085175 -0.016132 0.033711 0.017910 0.999141
1692606628.772874 105.700612 -6.394108 14.070627 -0.014202 0.073396 0.032101 0.996685
1692606628.871967 105.904448 -6.343375 14.052071 -0.023129 0.092714 0.064569 0.993328
1692606628.971204 106.105363 -6.285978 14.068662 -0.035127 0.123235 0.106726 0.985996
1692606629.071487 106.273198 -6.238181 14.130873 -0.057465 0.132267 0.131987 0.980705
1692606629.171968 106.424532 -6.203645 14.194474 -0.061099 0.087538 0.157175 0.981784
1692606629.273298 106.563823 -6.194329 14.231234 -0.051572 0.021043 0.180381 0.982018
1692606629.375751 106.680302 -6.201172 14.278764 -0.033730 -0.038499 0.185975 0.981220
1692606629.476446 106.824600 -6.207581 14.317780 -0.014321 -0.105112 0.193740 0.975300
1692606629.578388 106.979915 -6.224048 14.350092 -0.002198 -0.134364 0.176529 0.975079
1692606629.679151 107.142950 -6.241285 14.354668 0.002949 -0.165557 0.148687 0.974923
1692606629.778995 107.290799 -6.285462 14.353829 0.011424 -0.193418 0.110755 0.974778
1692606629.879555 107.472360 -6.324328 14.387146 0.017578 -0.191559 0.044673 0.980306
1692606629.980015 107.663730 -6.366951 14.425457 0.011265 -0.143253 -0.050342 0.988341
1692606630.079214 107.873836 -6.428615 14.422941 0.001391 -0.087522 -0.126123 0.988145
1692606630.176479 108.103642 -6.486024 14.412979 -0.007477 -0.029753 -0.156971 0.987127
1692606630.275308 108.312950 -6.530263 14.429710 -0.022248 0.025132 -0.189218 0.981361
1692606630.371134 108.498303 -6.538178 14.471416 -0.042509 0.071247 -0.189058 0.978455
1692606630.469266 108.699488 -6.506848 14.505194 -0.064335 0.108523 -0.183503 0.974890
1692606630.567165 108.886996 -6.457129 14.506948 -0.094480 0.126804 -0.154423 0.975268
1692606630.665064 109.062827 -6.361083 14.519037 -0.118604 0.126798 -0.069870 0.982331
1692606630.763543 109.218049 -6.260599 14.549311 -0.143885 0.128182 0.044971 0.980227
1692606630.865586 109.341542 -6.154262 14.583688 -0.164994 0.098225 0.135444 0.972000
1692606630.968572 109.440814 -6.044945 14.593546 -0.173958 0.043491 0.234428 0.955453
1692606631.071937 109.540841 -5.946277 14.604214 -0.187147 -0.005850 0.324635 0.927121
1692606631.175697 109.615734 -5.843190 14.636962 -0.191173 -0.018001 0.402296 0.895146
1692606631.277755 109.717372 -5.722638 14.647571 -0.186940 -0.021929 0.477609 0.858174
1692606631.380268 109.815963 -5.592983 14.643802 -0.172814 -0.031236 0.517118 0.837705
1692606631.481103 109.926479 -5.490126 14.665900 -0.128850 -0.047162 0.568627 0.811071
1692606631.582528 110.056045 -5.374810 14.705963 -0.082410 -0.047597 0.570369 0.815857
1692606631.683370 110.183353 -5.262870 14.734450 -0.026972 -0.038777 0.545498 0.836780
1692606631.783457 110.328810 -5.188791 14.737039 0.032373 -0.031650 0.510964 0.858409
1692606631.883437 110.478312 -5.125152 14.740197 0.088559 -0.041596 0.415427 0.904349
1692606631.983001 110.601156 -5.087112 14.758023 0.122505 -0.040896 0.308399 0.942449
1692606632.081162 110.717068 -5.059620 14.782257 0.127854 -0.053876 0.186729 0.972565
1692606632.179307 110.832354 -5.041132 14.791384 0.125301 -0.071415 0.046448 0.988454
1692606632.275717 110.946270 -5.061216 14.786225 0.135299 -0.105716 -0.050165 0.983871
1692606632.373017 111.061191 -5.084690 14.797436 0.127046 -0.122195 -0.171644 0.969261
1692606632.472327 111.179829 -5.113439 14.819711 0.108642 -0.111299 -0.306091 0.939211
1692606632.570863 111.303557 -5.160654 14.829126 0.093946 -0.109041 -0.372142 0.916949
1692606632.668968 111.443890 -5.219897 14.857549 0.078732 -0.102351 -0.429768 0.893658
1692606632.768358 111.577152 -5.273372 14.903983 0.061731 -0.084311 -0.479108 0.871514
1692606632.867255 111.731431 -5.322270 14.944839 0.031546 -0.073557 -0.491513 0.867185
1692606632.966114 111.910911 -5.361865 14.964633 -0.011550 -0.070296 -0.467243 0.881254
1692606633.065004 112.095676 -5.391724 14.987282 -0.054571 -0.068247 -0.419241 0.903660
1692606633.165334 112.298851 -5.439914 15.021933 -0.081740 -0.049389 -0.358247 0.928730
1692606633.267488 112.487528 -5.495915 15.050428 -0.091281 -0.025630 -0.305190 0.947560
1692606633.369082 112.675798 -5.533195 15.041148 -0.093667 -0.029181 -0.232161 0.967717
1692606633.470814 112.878958 -5.538988 15.024299 -0.092874 -0.033357 -0.145538 0.984419
1692606633.572411 113.101332 -5.509574 15.028030 -0.085077 -0.023403 -0.025039 0.995785
1692606633.674906 113.342487 -5.429178 15.070940 -0.094444 -0.026140 0.045494 0.994147
1692606633.778233 113.587618 -5.376192 15.121625 -0.087222 -0.031949 0.090227 0.991580
1692606633.880752 113.842897 -5.396081 15.136080 -0.066470 -0.035944 0.092922 0.992802
1692606633.983239 114.079082 -5.455966 15.174861 -0.046648 -0.023058 0.060577 0.996806
1692606634.082808 114.342968 -5.533087 15.236481 -0.038591 -0.015384 0.054117 0.997670
1692606634.181931 114.602058 -5.613755 15.265213 -0.024463 -0.009604 0.024743 0.999348
1692606634.279356 114.835052 -5.692304 15.278961 -0.010270 -0.021437 0.034623 0.999118
1692606634.379023 115.092488 -5.770794 15.351855 -0.020912 -0.030603 -0.012513 0.999234
1692606634.478394 115.383880 -5.879125 15.414430 -0.037594 -0.043653 -0.105995 0.992696
1692606634.577779 115.650251 -6.020706 15.460796 -0.063430 -0.049292 -0.195933 0.977321
1692606634.675547 115.920528 -6.158742 15.539261 -0.085889 -0.060509 -0.237332 0.965731
1692606634.773165 116.205821 -6.309440 15.621715 -0.098002 -0.055767 -0.249269 0.961848
1692606634.871505 116.500110 -6.461406 15.650657 -0.095913 -0.045354 -0.271684 0.956521
1692606634.970433 116.807681 -6.597318 15.703098 -0.101686 -0.051543 -0.263654 0.957857
1692606635.070574 117.125887 -6.727643 15.768664 -0.104138 -0.069059 -0.263850 0.956436
1692606635.172390 117.458860 -6.879708 15.809540 -0.118556 -0.076314 -0.298232 0.944022
1692606635.272077 117.773549 -7.034986 15.873485 -0.124359 -0.090412 -0.270349 0.950406
1692606635.372949 118.093707 -7.222663 15.957874 -0.118729 -0.084899 -0.254452 0.956007
1692606635.474324 118.437324 -7.409760 16.003238 -0.090686 -0.078820 -0.239613 0.963405
1692606635.576337 118.804719 -7.565040 16.077487 -0.067481 -0.079259 -0.261626 0.959540
1692606635.678083 119.192805 -7.742348 16.140555 -0.072813 -0.073921 -0.288125 0.951955
1692606635.778435 119.560839 -7.892218 16.199975 -0.093705 -0.071966 -0.296945 0.947557
1692606635.876126 119.935399 -8.038963 16.287482 -0.101323 -0.058188 -0.260626 0.958343
1692606635.976056 120.337658 -8.169859 16.367573 -0.103369 -0.040120 -0.249793 0.961930
1692606636.075372 120.725822 -8.268243 16.406618 -0.092918 -0.040836 -0.198547 0.974822
1692606636.173374 121.122568 -8.324820 16.475141 -0.094744 -0.050961 -0.171726 0.979253
1692606636.273633 121.526608 -8.373910 16.532443 -0.102147 -0.057108 -0.159737 0.980198
1692606636.373971 121.916717 -8.408446 16.584758 -0.130214 -0.074347 -0.127540 0.980434
1692606636.473686 122.304143 -8.425080 16.672280 -0.150827 -0.071640 -0.093391 0.981528
1692606636.573574 122.691212 -8.423643 16.713038 -0.141726 -0.061675 -0.036281 0.987316
1692606636.673649 123.070606 -8.346521 16.754266 -0.131868 -0.074058 0.004504 0.988487
1692606636.776565 123.422084 -8.230799 16.804024 -0.121838 -0.085038 -0.018096 0.988735
1692606636.877664 123.758274 -8.102410 16.838516 -0.156474 -0.095537 -0.035783 0.982399
1692606636.976540 124.102657 -7.967392 16.870556 -0.175779 -0.115814 0.004023 0.977585
1692606637.075991 124.457114 -7.811144 16.934537 -0.187837 -0.111233 0.040033 0.975060
1692606637.175570 124.803920 -7.633319 16.967920 -0.177523 -0.093857 0.084997 0.975936
1692606637.276179 125.147430 -7.421221 17.013437 -0.166444 -0.095574 0.093490 0.976945
1692606637.376881 125.470521 -7.190301 17.078514 -0.165308 -0.084605 0.096074 0.977898
1692606637.477853 125.788598 -6.968323 17.102423 -0.186647 -0.100199 0.081095 0.973934
1692606637.577491 126.095066 -6.735621 17.155002 -0.198672 -0.114721 0.090836 0.969081
1692606637.676623 126.392884 -6.502174 17.219815 -0.188307 -0.108387 0.119005 0.968829
1692606637.775870 126.668051 -6.247445 17.232073 -0.160854 -0.088527 0.147025 0.971943
1692606637.875867 126.952951 -5.985544 17.252523 -0.138439 -0.079504 0.166740 0.972991
1692606637.977037 127.227719 -5.709171 17.295327 -0.139042 -0.065899 0.148258 0.976906
1692606638.078959 127.486762 -5.423182 17.305188 -0.150028 -0.080768 0.089415 0.981312
1692606638.176991 127.724614 -5.168049 17.341431 -0.133583 -0.099299 0.135806 0.976654
1692606638.277753 127.987192 -4.893852 17.392173 -0.126140 -0.100985 0.114566 0.980186
1692606638.378348 128.247375 -4.615807 17.388879 -0.110404 -0.092564 0.101252 0.984373
1692606638.476702 128.511169 -4.332213 17.383241 -0.100690 -0.087745 0.133327 0.982032
1692606638.577325 128.788187 -4.027033 17.432471 -0.100766 -0.058933 0.104293 0.987672
1692606638.677301 129.057639 -3.727378 17.448695 -0.116082 -0.058695 0.088896 0.987511
1692606638.777419 129.345506 -3.454920 17.476272 -0.119766 -0.086348 0.074895 0.986200
1692606638.876858 129.633503 -3.201981 17.535012 -0.123431 -0.091548 0.092027 0.983827
1692606638.976599 129.936246 -2.961598 17.562546 -0.105155 -0.077771 0.081376 0.988065
1692606639.076851 130.217945 -2.714957 17.564058 -0.104938 -0.080738 0.082046 0.987794
1692606639.177530 130.459438 -2.446789 17.610883 -0.099681 -0.082674 0.061711 0.989657
1692606639.278742 130.742130 -2.167845 17.637481 -0.112807 -0.078973 0.002870 0.990469
1692606639.378688 131.019650 -1.915713 17.669775 -0.128594 -0.096483 -0.016553 0.986854
1692606639.476660 131.307157 -1.694893 17.739598 -0.119941 -0.113347 0.027830 0.985897
1692606639.576258 131.604106 -1.476276 17.775935 -0.094142 -0.097883 0.039695 0.989940
1692606639.676515 131.913562 -1.269026 17.781984 -0.083212 -0.089747 0.042542 0.991570
1692606639.775758 132.199560 -1.074055 17.854288 -0.050992 -0.098672 0.085564 0.990122
1692606639.877595 132.522264 -0.882799 17.920235 -0.050353 -0.098275 0.052718 0.992485
1692606639.980368 132.831069 -0.721847 17.937032 -0.071585 -0.099617 -0.027323 0.992071
1692606640.079596 133.113280 -0.590560 17.970370 -0.077568 -0.134104 -0.042137 0.987028
1692606640.179102 133.411782 -0.465790 18.022107 -0.073698 -0.143234 -0.053615 0.985484
1692606640.278899 133.728927 -0.342161 18.032271 -0.049612 -0.130658 -0.075244 0.987322
1692606640.376484 134.026723 -0.239001 18.050209 -0.039558 -0.144564 -0.034760 0.988093
1692606640.476497 134.314745 -0.134011 18.108285 -0.035799 -0.142912 -0.060554 0.987232
1692606640.577361 134.635879 -0.041378 18.150003 -0.036666 -0.143399 -0.098466 0.984072
1692606640.676867 134.939098 0.009024 18.191818 -0.050477 -0.151963 -0.107280 0.981249
1692606640.776243 135.245185 0.044774 18.260121 -0.053427 -0.150808 -0.103725 0.981654
1692606640.874918 135.552321 0.050782 18.315569 -0.037532 -0.124756 -0.064585 0.989372
1692606640.974916 135.872603 0.050945 18.316930 -0.006684 -0.099375 -0.045688 0.993978
1692606641.075973 136.165767 0.057798 18.357751 0.021808 -0.087878 -0.052998 0.994481
1692606641.176685 136.457703 0.053549 18.427021 0.043532 -0.070489 -0.055386 0.995022
1692606641.279484 136.729794 0.058392 18.469221 0.032065 -0.058310 -0.139307 0.988011
1692606641.377635 136.976092 0.051943 18.514760 0.009406 -0.086497 -0.122397 0.988660
1692606641.477286 137.191055 0.033781 18.581079 -0.016345 -0.097562 -0.116070 0.988303
1692606641.575756 137.419358 0.025059 18.640020 -0.038759 -0.106527 -0.094552 0.989045
1692606641.675011 137.634398 0.020387 18.663943 -0.051040 -0.131005 -0.067200 0.987784
1692606641.773947 137.837508 0.023803 18.701946 -0.049894 -0.155782 -0.011684 0.986461
1692606641.874279 138.041401 0.055857 18.747435 -0.047012 -0.163945 0.007967 0.985316
1692606641.975126 138.252783 0.098468 18.771351 -0.049963 -0.163971 0.026349 0.984847
1692606642.076491 138.471145 0.138950 18.800630 -0.058263 -0.183256 0.017700 0.981178
1692606642.177181 138.671230 0.184307 18.841368 -0.068997 -0.174389 0.041648 0.981373
1692606642.277637 138.890192 0.240467 18.868180 -0.070010 -0.145688 0.043961 0.985871
1692606642.377561 139.093939 0.299936 18.881539 -0.076083 -0.128063 0.076133 0.985908
1692606642.477950 139.272580 0.387799 18.900418 -0.077180 -0.128380 0.083408 0.985193
1692606642.576801 139.432711 0.478439 18.934914 -0.085572 -0.123108 0.117697 0.981666
1692606642.677748 139.576231 0.573125 18.953713 -0.098481 -0.123488 0.121821 0.979904
1692606642.776864 139.714409 0.677158 18.950007 -0.114338 -0.121454 0.132766 0.977010
1692606642.875627 139.855190 0.769712 18.979749 -0.127482 -0.123367 0.180564 0.967433
1692606642.976012 140.015017 0.859331 19.033395 -0.135646 -0.106425 0.190294 0.966469
1692606643.076784 140.189382 0.939999 19.056657 -0.128160 -0.090177 0.184541 0.970251
1692606643.176331 140.365440 0.998315 19.050956 -0.127688 -0.084246 0.227648 0.961652
1692606643.276279 140.525671 1.057505 19.066553 -0.129452 -0.087159 0.259776 0.952975
1692606643.376298 140.689429 1.158961 19.106121 -0.125042 -0.082110 0.287686 0.945970
1692606643.477152 140.841656 1.248842 19.131922 -0.120873 -0.065099 0.303621 0.942850
1692606643.576571 140.994546 1.350276 19.121489 -0.121030 -0.063073 0.337716 0.931301
1692606643.677252 141.135120 1.469207 19.122957 -0.126498 -0.071889 0.347180 0.926443
1692606643.776123 141.255771 1.584005 19.151602 -0.130597 -0.074377 0.400446 0.903911
1692606643.876488 141.370026 1.685425 19.179781 -0.137995 -0.074929 0.426636 0.890688
1692606643.976574 141.481530 1.795717 19.173470 -0.139282 -0.084422 0.455003 0.875469
1692606644.076321 141.578564 1.914562 19.158387 -0.143625 -0.082325 0.498390 0.851001
1692606644.174898 141.666447 2.069643 19.168363 -0.151042 -0.081097 0.555371 0.813740
1692606644.274953 141.735586 2.239570 19.190856 -0.159577 -0.062617 0.613171 0.771126
1692606644.375327 141.784593 2.408188 19.171465 -0.165341 -0.055775 0.648350 0.741076
1692606644.475120 141.814536 2.562889 19.129924 -0.162753 -0.068742 0.701698 0.690222
1692606644.575658 141.820304 2.711213 19.103687 -0.155005 -0.077187 0.749178 0.639334
1692606644.675590 141.814217 2.871323 19.108388 -0.160627 -0.069454 0.795056 0.580741
1692606644.777102 141.805714 3.053383 19.110815 -0.155576 -0.058043 0.821241 0.545884
1692606644.877373 141.780909 3.223898 19.078101 -0.143114 -0.048863 0.851194 0.502593
1692606644.977649 141.746833 3.395121 19.037410 -0.134840 -0.047218 0.879742 0.453479
1692606645.077751 141.697091 3.571934 19.031118 -0.132985 -0.026061 0.908750 0.394726
1692606645.177528 141.608273 3.738223 19.016544 -0.134075 -0.013070 0.928994 0.344709
1692606645.278756 141.526955 3.891183 18.970580 -0.135468 -0.012454 0.934451 0.329081
1692606645.379728 141.469239 4.062041 18.929813 -0.129141 -0.004784 0.933417 0.334713
1692606645.480504 141.417604 4.252331 18.917431 -0.133097 0.015056 0.927496 0.349013
1692606645.582376 141.386176 4.472029 18.908915 -0.145972 0.040761 0.894349 0.420917
1692606645.681959 141.394925 4.670638 18.864788 -0.127616 0.049095 0.874859 0.464678
1692606645.781629 141.390531 4.839749 18.819622 -0.102021 0.032982 0.845279 0.523457
1692606645.881876 141.389046 5.029166 18.821037 -0.086983 0.026203 0.783955 0.614135
1692606645.979856 141.401944 5.213454 18.842584 -0.084680 0.030593 0.752972 0.651864
1692606646.077693 141.416546 5.386924 18.838539 -0.072717 0.014423 0.712873 0.697364
1692606646.177496 141.445388 5.539531 18.827579 -0.060531 -0.006603 0.645120 0.761651
1692606646.277431 141.512978 5.701610 18.824684 -0.045161 -0.016454 0.563510 0.824710
1692606646.377405 141.601572 5.883141 18.846505 -0.067831 -0.008307 0.470639 0.879676
1692606646.477259 141.681473 6.049730 18.844284 -0.066146 -0.017912 0.390644 0.917987
1692606646.574796 141.768143 6.183699 18.813969 -0.040420 -0.038810 0.374691 0.925455
1692606646.675127 141.854309 6.319726 18.818699 -0.022588 -0.033837 0.309309 0.950091
1692606646.774953 141.931716 6.468573 18.854667 -0.012022 -0.032293 0.261722 0.964528
1692606646.874386 142.008006 6.622042 18.877805 -0.012605 -0.054223 0.225449 0.972663
1692606646.975213 142.081546 6.771697 18.892072 -0.022794 -0.075559 0.184897 0.979584
1692606647.074366 142.167732 6.902159 18.905805 -0.023996 -0.094136 0.171754 0.980338
1692606647.175235 142.246504 7.043406 18.920581 -0.030584 -0.103664 0.143856 0.983679
1692606647.276013 142.332561 7.183224 18.937816 -0.038616 -0.096375 0.118013 0.987569
1692606647.375454 142.433876 7.330564 18.925943 -0.034819 -0.097172 0.133513 0.985657
1692606647.474461 142.544982 7.484400 18.909136 -0.022007 -0.084700 0.181818 0.979430
1692606647.574586 142.654854 7.647592 18.916121 0.009619 -0.056651 0.224049 0.972882
1692606647.675536 142.784829 7.818895 18.930906 0.033665 -0.028886 0.254433 0.966072
1692606647.777132 142.909062 7.970018 18.918526 0.028040 -0.038901 0.256759 0.965285
1692606647.878551 143.010148 8.099313 18.914620 0.019158 -0.064629 0.257613 0.963894
1692606647.980957 143.145139 8.188347 18.954775 0.021150 -0.066951 0.215178 0.974048
1692606648.082824 143.286873 8.250158 18.989476 0.027280 -0.068756 0.159324 0.984451
1692606648.182214 143.434077 8.303928 18.973493 0.038292 -0.085364 0.132300 0.986784
1692606648.281758 143.599977 8.345222 18.968353 0.049671 -0.101615 0.080573 0.990311
1692606648.381046 143.769881 8.356692 19.006317 0.069110 -0.087501 0.044223 0.992780
1692606648.479813 143.944446 8.363631 19.049350 0.079625 -0.088872 -0.007378 0.992828
1692606648.579645 144.105241 8.350321 19.067444 0.077829 -0.102140 -0.078915 0.988576
1692606648.679742 144.265265 8.300008 19.057119 0.086287 -0.118667 -0.172227 0.974069
1692606648.780108 144.423224 8.216932 19.069928 0.077786 -0.098572 -0.268713 0.955001
1692606648.878851 144.553580 8.102781 19.106301 0.066159 -0.101192 -0.340611 0.932399
1692606648.977059 144.687615 7.997398 19.122434 0.058245 -0.119042 -0.379561 0.915625
1692606649.075233 144.836706 7.876236 19.127801 0.060420 -0.135365 -0.412970 0.898600
1692606649.174640 144.973576 7.736732 19.173340 0.074610 -0.158826 -0.432047 0.884615
1692606649.274491 145.106508 7.575271 19.219308 0.081426 -0.187062 -0.456875 0.865819
1692606649.375879 145.267458 7.394758 19.267068 0.071871 -0.169685 -0.515111 0.837080
1692606649.477456 145.423548 7.200878 19.333567 0.053453 -0.138210 -0.567198 0.810140
1692606649.577699 145.577235 7.005097 19.415638 0.041728 -0.109007 -0.594208 0.795797
1692606649.676621 145.734357 6.775165 19.460989 0.035072 -0.082601 -0.587784 0.804026
1692606649.775179 145.923451 6.565785 19.475998 0.028925 -0.068414 -0.556462 0.827546
1692606649.875205 146.122757 6.353100 19.530294 0.027086 -0.048788 -0.545078 0.836526
1692606649.976566 146.344602 6.152123 19.602619 0.024903 -0.024704 -0.538010 0.842208
1692606650.075571 146.546306 5.989239 19.625246 -0.000962 -0.033708 -0.518047 0.854687
1692606650.176064 146.750098 5.807020 19.679540 -0.023370 -0.037457 -0.498207 0.865933
1692606650.276019 146.983640 5.632460 19.747575 -0.049870 -0.040857 -0.457601 0.886818
1692606650.375190 147.222969 5.490000 19.775634 -0.079738 -0.060305 -0.378874 0.920032
1692606650.475200 147.457146 5.351421 19.809706 -0.092930 -0.091605 -0.305789 0.943115
1692606650.577102 147.709913 5.245229 19.878352 -0.096548 -0.114327 -0.267265 0.951933
1692606650.679072 147.983288 5.148270 19.919116 -0.108660 -0.115271 -0.239472 0.957893
1692606650.779881 148.253883 5.065058 19.953536 -0.119015 -0.125149 -0.193450 0.965790
1692606650.879133 148.517865 4.994607 20.025155 -0.128252 -0.096209 -0.117789 0.980011
1692606650.978526 148.778156 4.974240 20.080420 -0.126900 -0.086665 -0.037488 0.987411
1692606651.076319 148.988343 4.983699 20.095541 -0.124610 -0.106541 0.103517 0.981023
1692606651.176807 149.212935 5.053230 20.127480 -0.109825 -0.127923 0.194494 0.966305
1692606651.276401 149.431391 5.127070 20.168932 -0.108056 -0.134792 0.297551 0.938945
