1625132455.526520 0.005932 0.002788 0.001191 -0.003994 0.006737 0.002312 0.999967
1625132455.626391 0.009786 -0.000318 -0.001490 -0.004254 0.008751 0.000194 0.999953
1625132455.726138 0.011806 -0.000631 -0.002298 -0.003997 0.008588 0.005754 0.999939
1625132455.826037 0.016197 -0.001738 -0.000454 -0.003374 0.007765 0.004560 0.999954
1625132455.925882 0.011370 -0.003468 0.000279 -0.002132 0.007559 0.007369 0.999942
1625132456.025916 0.008657 -0.006371 -0.001459 -0.000716 0.007656 0.011586 0.999903
1625132456.126053 0.005417 -0.010222 -0.001222 0.001613 0.007574 0.010876 0.999911
1625132456.226179 0.003144 -0.013575 -0.004233 0.001208 0.008450 0.011788 0.999894
1625132456.326305 0.009926 -0.016639 -0.007537 0.001078 0.007752 0.009000 0.999929
1625132456.426247 0.016472 -0.020529 -0.009610 0.000237 0.007497 0.009407 0.999928
1625132456.526141 0.014046 -0.026879 -0.007595 -0.001080 0.007739 0.007758 0.999939
1625132456.625831 0.010559 -0.028396 -0.006368 -0.001775 0.007275 0.008755 0.999934
1625132456.725490 0.021870 -0.036504 -0.008436 -0.001012 0.006373 0.010578 0.999923
1625132456.825166 0.046530 -0.044172 -0.009290 -0.001338 0.001440 0.018015 0.999836
1625132456.924976 0.067395 -0.052541 -0.014952 0.002605 0.001688 0.022862 0.999734
1625132457.024951 0.107627 -0.063862 -0.004928 0.007765 -0.001747 0.020144 0.999765
1625132457.124998 0.153395 -0.072076 -0.003040 0.008220 -0.001514 0.021396 0.999736
1625132457.225069 0.217413 -0.074118 -0.011674 0.008407 0.000265 0.012854 0.999882
1625132457.325073 0.297811 -0.064368 -0.019070 0.010080 0.001975 0.013588 0.999855
1625132457.424837 0.386636 -0.052700 -0.016447 0.009854 0.001682 0.006540 0.999929
1625132457.524784 0.485307 -0.029401 -0.015241 0.001718 0.003983 -0.000000 0.999991
1625132457.624727 0.591217 -0.014899 -0.002037 -0.008772 0.003173 -0.011751 0.999887
1625132457.724459 0.695369 -0.014273 0.007569 -0.014940 0.008927 -0.006138 0.999830
1625132457.824559 0.812389 -0.016826 0.006630 -0.014486 0.011438 -0.007163 0.999804
1625132457.924280 0.926087 -0.028248 -0.002729 -0.014190 0.006468 -0.002978 0.999874
1625132458.023957 1.035725 -0.043511 -0.010837 -0.011890 0.000875 0.009514 0.999884
1625132458.123950 1.141970 -0.062832 -0.017198 -0.007617 -0.002313 0.023593 0.999690
1625132458.224114 1.249676 -0.076116 -0.012372 -0.008225 -0.001660 0.030000 0.999515
1625132458.324500 1.358061 -0.086710 -0.014515 -0.012836 0.000632 0.029279 0.999489
1625132458.424980 1.478752 -0.090420 -0.024511 -0.013506 0.001802 0.026360 0.999560
1625132458.525453 1.593906 -0.090346 -0.037468 -0.011359 -0.001816 0.023733 0.999652
1625132458.625585 1.704960 -0.088086 -0.039553 -0.005766 -0.008336 0.018794 0.999772
1625132458.725507 1.810597 -0.087815 -0.029512 0.003163 -0.009206 0.011332 0.999888
1625132458.825530 1.917914 -0.089149 -0.016002 0.003030 -0.008898 0.001144 0.999955
1625132458.925288 2.025685 -0.094283 -0.001340 0.003669 -0.002028 0.003069 0.999987
1625132459.025036 2.137043 -0.103753 -0.002148 -0.001727 -0.005515 -0.004712 0.999972
1625132459.124460 2.243875 -0.117758 -0.013134 -0.005057 -0.010345 0.002230 0.999931
1625132459.223622 2.349833 -0.132641 -0.020524 -0.008819 -0.016608 0.011513 0.999757
1625132459.323286 2.452902 -0.144244 -0.012285 -0.012191 -0.016993 0.019344 0.999594
1625132459.423097 2.562199 -0.148960 0.000662 -0.016775 -0.011393 0.020590 0.999582
1625132459.523427 2.674167 -0.154034 0.007653 -0.020484 -0.003904 0.026978 0.999419
1625132459.623793 2.786253 -0.157735 -0.001140 -0.018426 -0.002964 0.021233 0.999600
1625132459.724397 2.902700 -0.158339 -0.014267 -0.015132 -0.005989 0.021585 0.999635
1625132459.824492 3.012823 -0.152219 -0.019230 -0.009039 -0.009461 0.019548 0.999723
1625132459.924645 3.107386 -0.155441 -0.014675 -0.004179 -0.011540 0.012395 0.999848
1625132460.024868 3.196750 -0.159923 -0.001025 -0.004489 -0.013203 0.007558 0.999874
1625132460.125076 3.290483 -0.161459 0.006192 -0.003408 -0.013663 0.015088 0.999787
1625132460.225043 3.385764 -0.173075 0.007748 -0.003148 -0.018482 0.007273 0.999798
1625132460.324837 3.490148 -0.179437 0.000169 -0.006371 -0.021174 0.016114 0.999626
1625132460.424487 3.598641 -0.199918 0.003957 -0.010084 -0.021927 0.019220 0.999524
1625132460.524484 3.701045 -0.209580 0.012316 -0.011997 -0.016938 0.022075 0.999541
1625132460.624475 3.819750 -0.217364 0.020748 -0.014259 -0.009203 0.021273 0.999630
1625132460.724826 3.916502 -0.232436 0.008704 -0.012605 0.001337 0.010887 0.999860
1625132460.825187 4.023471 -0.249756 0.002460 -0.007084 0.000809 -0.007683 0.999945
1625132460.925447 4.128766 -0.266831 -0.005669 -0.001493 -0.001790 -0.030848 0.999521
1625132461.016160 4.205528 -0.280500 -0.005242 0.006271 -0.005748 -0.056107 0.998389
1625132461.118145 4.303946 -0.298803 0.012279 0.009948 -0.002561 -0.093566 0.995560
1625132461.218461 4.397335 -0.319776 0.021847 0.009727 0.006720 -0.119552 0.992758
1625132461.316915 4.486493 -0.349771 0.023046 0.008586 0.012648 -0.146873 0.989037
1625132461.413260 4.568737 -0.381544 0.010742 0.008199 0.013021 -0.172105 0.984958
1625132461.512866 4.640452 -0.422097 0.003386 0.008320 0.008841 -0.190934 0.981528
1625132461.612867 4.710866 -0.470641 0.004333 0.008027 0.001410 -0.212760 0.977071
1625132461.714135 4.786622 -0.529152 0.015081 0.006312 -0.000694 -0.238029 0.971237
1625132461.813424 4.855854 -0.577542 0.024010 0.006541 0.002227 -0.258293 0.966042
1625132461.914063 4.927308 -0.638666 0.021244 0.008057 0.006499 -0.295414 0.955313
1625132462.014136 4.997761 -0.700782 0.010182 0.010969 0.002727 -0.327722 0.944706
1625132462.114475 5.055240 -0.754349 0.007571 0.016342 -0.006504 -0.367538 0.929842
1625132462.214873 5.123801 -0.801700 0.002967 0.015591 -0.018225 -0.418960 0.907688
1625132462.315107 5.184552 -0.857165 0.017718 0.018661 -0.019499 -0.474095 0.880060
1625132462.414479 5.211040 -0.905240 0.022773 0.011478 -0.014090 -0.513488 0.857904
1625132462.513919 5.252335 -0.968028 0.035046 0.014639 -0.008721 -0.545425 0.837987
1625132462.613325 5.292155 -1.030496 0.027877 0.011410 -0.009754 -0.575052 0.817979
1625132462.712496 5.316251 -1.096368 0.013086 0.008386 -0.009278 -0.593447 0.804776
1625132462.812069 5.340426 -1.172327 0.007061 0.004835 -0.013434 -0.614655 0.788667
1625132462.911561 5.358269 -1.239048 -0.000426 0.008482 -0.014852 -0.629040 0.777185
1625132463.011259 5.379190 -1.303948 0.006271 0.013370 -0.013131 -0.634161 0.772974
1625132463.111800 5.408319 -1.360471 0.010135 0.014626 -0.005257 -0.649560 0.760152
1625132463.212185 5.425101 -1.406523 0.014293 0.009001 -0.004124 -0.660196 0.751028
1625132463.312661 5.436992 -1.458465 0.010819 0.007427 -0.007823 -0.671983 0.740488
1625132463.413436 5.463597 -1.514675 0.016358 0.007473 -0.009340 -0.686632 0.726907
1625132463.513767 5.477716 -1.567866 0.014088 0.006526 -0.005755 -0.705104 0.709050
1625132463.613444 5.487432 -1.615140 0.017204 0.001315 -0.000415 -0.715046 0.699076
1625132463.723084 5.494780 -1.666178 0.025756 0.016399 0.001519 -0.700781 0.713186
1625132463.823435 5.484459 -1.710112 0.030618 0.013370 -0.001463 -0.724958 0.688662
1625132463.913110 5.487153 -1.753962 0.024421 0.006441 -0.007506 -0.742595 0.669667
1625132464.023017 5.484044 -1.802248 0.021252 0.011309 -0.012019 -0.726193 0.687293
1625132464.122533 5.477588 -1.839654 0.027189 0.013654 -0.005071 -0.736713 0.676048
1625132464.222495 5.474933 -1.876801 0.034661 0.009528 0.007495 -0.739115 0.673470
1625132464.322886 5.482056 -1.906507 0.045171 0.015322 0.016861 -0.734715 0.677993
1625132464.424095 5.495203 -1.935338 0.047264 0.012410 0.021811 -0.734363 0.678292
1625132464.525414 5.504936 -1.955247 0.047747 0.008507 0.015634 -0.750808 0.660280
1625132464.625861 5.495895 -1.968478 0.044341 0.010700 0.004479 -0.763678 0.645493
1625132464.725794 5.497182 -1.981679 0.049661 0.012728 0.004681 -0.766792 0.641752
1625132464.826177 5.510474 -1.998504 0.059228 0.006174 0.010170 -0.784415 0.620122
1625132464.926129 5.513463 -2.017775 0.062437 0.000531 0.013280 -0.796829 0.604059
1625132465.025143 5.511848 -2.033701 0.065246 0.004505 0.011693 -0.786832 0.617040
1625132465.125020 5.512577 -2.048004 0.066152 0.008413 0.013775 -0.787083 0.616637
1625132465.225458 5.509336 -2.067436 0.067507 0.005611 0.016615 -0.797950 0.602468
1625132465.325230 5.500099 -2.083391 0.066182 0.011965 0.023359 -0.795170 0.605818
1625132465.425494 5.490844 -2.113430 0.057398 0.016475 0.025755 -0.802593 0.595742
1625132465.525725 5.481597 -2.133477 0.043864 0.021761 0.030517 -0.810294 0.584823
1625132465.625201 5.490185 -2.140579 0.037968 0.031000 0.034813 -0.804657 0.591908
1625132465.725175 5.493625 -2.140782 0.036638 0.033631 0.039206 -0.807055 0.588212
1625132465.825264 5.503761 -2.137876 0.036001 0.031355 0.039958 -0.812710 0.580451
1625132465.925166 5.509898 -2.132369 0.043078 0.025618 0.040689 -0.814170 0.578633
1625132466.025091 5.509416 -2.131030 0.052045 0.019842 0.042325 -0.816155 0.575939
1625132466.124686 5.508984 -2.137722 0.050703 0.021590 0.043881 -0.811636 0.582112
1625132466.224665 5.506084 -2.147622 0.046974 0.023022 0.042574 -0.812026 0.581611
1625132466.324877 5.503720 -2.156619 0.045686 0.024106 0.042667 -0.818078 0.573016
1625132466.424833 5.496630 -2.168784 0.041850 0.025578 0.042273 -0.820268 0.569842
1625132466.524757 5.488223 -2.183488 0.036161 0.033488 0.042040 -0.820313 0.569384
1625132466.624657 5.481637 -2.200543 0.029390 0.040185 0.044878 -0.816569 0.574096
1625132466.724805 5.475435 -2.215633 0.025433 0.044879 0.049682 -0.812515 0.579082
1625132466.824839 5.480661 -2.227743 0.022981 0.044581 0.052171 -0.809578 0.582988
1625132466.924668 5.482761 -2.234633 0.018417 0.043460 0.047507 -0.800135 0.596354
1625132467.025076 5.479776 -2.230050 0.018422 0.034661 0.042693 -0.800379 0.596967
1625132467.125448 5.480052 -2.234556 0.024861 0.029667 0.039172 -0.803434 0.593363
1625132467.225257 5.478473 -2.236607 0.027754 0.030847 0.040150 -0.798062 0.600444
1625132467.325419 5.474865 -2.236810 0.029250 0.037255 0.041879 -0.794160 0.605118
1625132467.425551 5.473144 -2.241022 0.026687 0.042472 0.038701 -0.794328 0.604765
1625132467.525891 5.472586 -2.245707 0.023218 0.045585 0.037434 -0.795365 0.603254
1625132467.626470 5.481003 -2.253544 0.019571 0.037892 0.039334 -0.805805 0.589657
1625132467.726409 5.485453 -2.259033 0.020192 0.032338 0.043116 -0.811517 0.581839
1625132467.825689 5.490422 -2.258866 0.023536 0.033863 0.042193 -0.804233 0.591847
1625132467.925171 5.492643 -2.262596 0.025513 0.035620 0.044812 -0.802161 0.594358
1625132468.024591 5.495056 -2.268875 0.022210 0.041608 0.049959 -0.793152 0.605543
1625132468.124363 5.496738 -2.267503 0.013532 0.046104 0.045697 -0.785680 0.615218
1625132468.225401 5.497435 -2.267019 0.009999 0.045549 0.040921 -0.787407 0.613385
1625132468.325127 5.497944 -2.265783 0.012406 0.042750 0.040066 -0.785924 0.615540
1625132468.425281 5.499687 -2.269816 0.016548 0.043269 0.042437 -0.783382 0.618579
1625132468.525517 5.504415 -2.275143 0.018674 0.039713 0.044529 -0.784121 0.617733
1625132468.625537 5.507427 -2.282780 0.016313 0.038819 0.045534 -0.782386 0.619913
1625132468.725248 5.511297 -2.289614 0.013802 0.040151 0.044773 -0.775592 0.628363
1625132468.825409 5.511169 -2.297100 0.014490 0.041900 0.047795 -0.777931 0.625127
1625132468.925422 5.505820 -2.307175 0.012799 0.043669 0.052340 -0.778646 0.623750
1625132469.025303 5.501515 -2.314465 0.010689 0.045465 0.058697 -0.779130 0.622450
1625132469.125326 5.499316 -2.332112 0.004859 0.047476 0.063272 -0.785385 0.613933
1625132469.225115 5.494885 -2.344665 -0.000422 0.050452 0.061024 -0.788175 0.610337
1625132469.324726 5.490663 -2.349835 -0.002959 0.055059 0.056560 -0.787190 0.611638
1625132469.424460 5.488442 -2.354565 -0.003051 0.059056 0.060142 -0.787011 0.611154
1625132469.524378 5.488978 -2.364612 -0.006661 0.058580 0.069570 -0.788685 0.608033
1625132469.624498 5.490908 -2.371020 -0.010261 0.057761 0.069928 -0.788129 0.608791
1625132469.724151 5.494912 -2.373390 -0.009703 0.057280 0.063673 -0.782402 0.616857
1625132469.824380 5.498842 -2.372404 -0.007398 0.055863 0.065715 -0.782164 0.617074
1625132469.924492 5.506159 -2.372924 -0.006852 0.051450 0.070296 -0.778665 0.621363
1625132470.024812 5.507423 -2.374661 -0.005559 0.050360 0.067262 -0.779494 0.620748
1625132470.125095 5.505901 -2.383245 -0.005313 0.051906 0.065710 -0.779502 0.620778
1625132470.225282 5.508120 -2.392313 -0.006303 0.048319 0.065590 -0.778040 0.622911
1625132470.325345 5.511394 -2.403786 -0.004027 0.049812 0.063154 -0.776997 0.624345
1625132470.425166 5.514518 -2.419212 0.004130 0.053285 0.059829 -0.770131 0.632835
1625132470.525059 5.514393 -2.441622 0.009218 0.057493 0.054587 -0.770023 0.633071
1625132470.624988 5.513792 -2.472468 0.011800 0.062718 0.053777 -0.770681 0.631843
1625132470.724449 5.514419 -2.513103 0.004437 0.067395 0.062919 -0.760957 0.642218
1625132470.824306 5.514653 -2.554836 -0.003619 0.062763 0.074468 -0.758154 0.644762
1625132470.923882 5.508483 -2.594511 -0.009102 0.048120 0.077825 -0.758531 0.645180
1625132471.022998 5.493494 -2.628838 -0.008338 0.041048 0.068692 -0.748530 0.658255
1625132471.122461 5.478156 -2.669412 -0.001351 0.033167 0.061454 -0.734456 0.675054
1625132471.222357 5.458856 -2.733424 0.005389 0.035665 0.062028 -0.721497 0.688710
1625132471.322532 5.443986 -2.803315 0.002593 0.049829 0.062307 -0.703630 0.706074
1625132471.407013 5.436083 -2.864194 -0.003546 0.056993 0.057690 -0.699509 0.710008
1625132471.512299 5.435363 -2.935313 -0.019329 0.055872 0.042795 -0.690787 0.719625
1625132471.624608 5.437304 -3.007793 -0.022702 0.036996 0.027830 -0.701069 0.711589
1625132471.725043 5.439608 -3.064759 -0.007940 0.035129 0.010937 -0.697426 0.715711
1625132471.825129 5.435522 -3.119779 0.015768 0.051654 -0.002561 -0.687008 0.724807
1625132471.925251 5.431952 -3.178070 0.030515 0.043198 -0.007401 -0.695189 0.717489
1625132472.025193 5.431289 -3.235582 0.041931 0.028205 -0.000714 -0.708552 0.705094
1625132472.124255 5.425049 -3.296117 0.041917 0.017483 0.004168 -0.700142 0.713777
1625132472.223174 5.417036 -3.355756 0.042124 0.014737 0.008715 -0.687594 0.725893
1625132472.326799 5.409025 -3.424923 0.034909 0.012470 0.004418 -0.666916 0.745015
1625132472.426027 5.412056 -3.485228 0.030864 0.013654 0.007733 -0.645075 0.763958
1625132472.521618 5.417400 -3.545863 0.033506 0.015533 0.013994 -0.609049 0.792857
1625132472.622589 5.423645 -3.614242 0.037037 0.020793 0.017232 -0.594950 0.803309
1625132472.727094 5.424504 -3.684136 0.045038 0.017651 0.020869 -0.585493 0.810217
1625132472.824217 5.433663 -3.757173 0.050793 0.024679 0.022082 -0.560303 0.827626
1625132472.924887 5.448322 -3.831451 0.055171 0.027294 0.017435 -0.550198 0.834406
1625132473.025338 5.467897 -3.893354 0.062742 0.026871 0.005907 -0.533194 0.845546
1625132473.125475 5.496134 -3.947770 0.072520 0.015300 0.010699 -0.523573 0.851776
1625132473.225413 5.527474 -3.999922 0.079548 0.006957 0.017933 -0.504467 0.863216
1625132473.324996 5.560906 -4.052813 0.085518 0.005310 0.029675 -0.477201 0.878277
1625132473.423742 5.590807 -4.098028 0.096695 0.006490 0.030288 -0.440749 0.897096
1625132473.523942 5.613685 -4.137737 0.104958 0.007241 0.025847 -0.400293 0.915994
1625132473.623709 5.628585 -4.180677 0.112746 0.005354 0.020536 -0.359250 0.933000
1625132473.722884 5.644063 -4.222203 0.123085 -0.003210 0.019481 -0.290880 0.956556
1625132473.821120 5.669457 -4.261774 0.131224 -0.009095 0.024073 -0.226064 0.973773
1625132473.922529 5.704307 -4.287255 0.142685 -0.012823 0.029165 -0.184166 0.982379
1625132474.023936 5.744131 -4.304127 0.145204 -0.016701 0.036687 -0.133877 0.990178
1625132474.124792 5.781092 -4.311609 0.143363 -0.017325 0.039144 -0.090182 0.995005
1625132474.225307 5.815208 -4.313264 0.133160 -0.012612 0.032049 -0.064503 0.997323
1625132474.319272 5.844944 -4.317600 0.133013 -0.008753 0.024349 -0.038612 0.998919
1625132474.425521 5.880338 -4.318984 0.137462 -0.005965 0.021095 -0.016225 0.999628
1625132474.520222 5.912282 -4.320821 0.145728 -0.009393 0.023219 -0.021681 0.999451
1625132474.619330 5.946223 -4.325036 0.148289 -0.011196 0.027618 -0.017802 0.999397
1625132474.718438 5.979720 -4.331730 0.151058 -0.011991 0.032179 -0.007780 0.999380
1625132474.818542 6.018496 -4.342871 0.147272 -0.009231 0.030029 -0.004820 0.999495
1625132474.923581 6.064127 -4.354735 0.140178 -0.006162 0.027989 0.007502 0.999561
1625132475.016974 6.104777 -4.366961 0.138926 -0.005073 0.021377 0.014800 0.999649
1625132475.116685 6.143716 -4.386407 0.141146 -0.005060 0.015838 0.018320 0.999694
1625132475.216453 6.175458 -4.409317 0.144823 -0.002660 0.017034 0.042036 0.998967
1625132475.316825 6.207737 -4.422774 0.146774 0.001807 0.016544 0.047990 0.998709
1625132475.416715 6.243788 -4.430723 0.141794 0.002959 0.020041 0.057524 0.998139
1625132475.511983 6.277300 -4.437137 0.135066 0.005220 0.022596 0.065499 0.997583
1625132475.612556 6.311773 -4.446555 0.133028 0.010532 0.020671 0.072606 0.997091
1625132475.718084 6.352157 -4.454034 0.144142 0.013486 0.014766 0.076460 0.996872
1625132475.823525 6.402486 -4.458790 0.159319 0.015999 0.001161 0.080314 0.996641
1625132475.924534 6.460296 -4.461806 0.169781 0.018296 -0.009412 0.080428 0.996548
1625132476.025033 6.516704 -4.461811 0.195100 0.020944 -0.021583 0.078865 0.996432
1625132476.125319 6.575706 -4.453902 0.246453 0.016002 -0.014120 0.060451 0.997943
1625132476.225845 6.635094 -4.446953 0.290474 -0.002488 -0.002531 0.020302 0.999788
1625132476.325557 6.693186 -4.448505 0.319330 -0.022973 0.015303 0.010814 0.999560
1625132476.425004 6.747053 -4.462188 0.320380 -0.033117 0.028490 -0.011427 0.998980
1625132476.523371 6.790610 -4.472593 0.318406 -0.033191 0.030284 -0.015835 0.998865
1625132476.622548 6.821867 -4.474639 0.341794 -0.034289 0.014671 0.002718 0.999301
1625132476.716583 6.846594 -4.479251 0.378520 -0.036637 0.009184 -0.000523 0.999286
1625132476.815349 6.874509 -4.477108 0.428253 -0.030045 0.011914 0.044664 0.998479
1625132476.921866 6.911601 -4.475355 0.478022 -0.023102 0.021197 0.048463 0.998333
1625132477.023190 6.942191 -4.475250 0.514076 -0.018062 0.024535 0.059708 0.997751
1625132477.123520 6.965883 -4.475511 0.538840 -0.013657 0.021262 0.075335 0.996838
1625132477.223853 6.990089 -4.474310 0.563590 -0.006952 0.018692 0.068465 0.997454
1625132477.324154 7.021666 -4.468201 0.580747 -0.001375 0.006228 0.064987 0.997866
1625132477.413712 7.057539 -4.457748 0.578663 0.001288 -0.003859 0.060028 0.998188
1625132477.524637 7.098620 -4.433977 0.600477 0.000086 -0.002741 0.053915 0.998542
1625132477.625369 7.139703 -4.412969 0.636784 -0.009496 0.005809 0.023786 0.999655
1625132477.725068 7.173814 -4.398181 0.663087 -0.019200 0.014198 0.006017 0.999697
1625132477.824509 7.210264 -4.390539 0.677350 -0.027065 0.021575 0.016783 0.999260
1625132477.924228 7.255107 -4.386458 0.699567 -0.032207 0.026693 0.002251 0.999122
1625132478.024053 7.309207 -4.388349 0.713057 -0.033626 0.024013 -0.003881 0.999138
1625132478.124127 7.350916 -4.401218 0.729903 -0.030701 0.021984 -0.005139 0.999274
1625132478.223523 7.375256 -4.417860 0.752019 -0.028427 0.016395 -0.004659 0.999451
1625132478.322801 7.388859 -4.431281 0.786369 -0.033642 0.017209 -0.003625 0.999279
1625132478.422906 7.401826 -4.442103 0.817754 -0.035772 0.018971 0.008089 0.999147
1625132478.523058 7.412812 -4.449887 0.834620 -0.027949 0.010717 0.015395 0.999433
1625132478.622922 7.425701 -4.454178 0.856043 -0.020989 0.002729 0.016719 0.999636
1625132478.722928 7.449486 -4.452851 0.878692 -0.013773 -0.010052 0.031950 0.999344
1625132478.823470 7.492660 -4.451774 0.909628 -0.003671 -0.020370 0.020520 0.999575
1625132478.917762 7.542292 -4.448269 0.940061 0.003244 -0.031673 0.018500 0.999322
1625132479.023848 7.590932 -4.435165 0.984603 0.006025 -0.036063 0.007381 0.999304
1625132479.124388 7.646502 -4.425587 1.026996 0.002526 -0.030447 -0.016841 0.999391
1625132479.224270 7.694714 -4.424987 1.053808 -0.001474 -0.031228 -0.008952 0.999471
1625132479.323486 7.735695 -4.430422 1.063757 -0.002073 -0.034522 -0.014254 0.999300
1625132479.423088 7.769652 -4.436950 1.071897 -0.006408 -0.036908 -0.021123 0.999075
1625132479.517823 7.801787 -4.442829 1.082374 -0.011367 -0.038841 -0.030847 0.998704
1625132479.617045 7.833412 -4.450901 1.109848 -0.012250 -0.036178 -0.024302 0.998975
1625132479.716529 7.844573 -4.459042 1.141706 -0.013243 -0.032790 -0.006707 0.999352
1625132479.815795 7.862135 -4.454883 1.181715 -0.016010 -0.023654 0.020031 0.999391
1625132479.916326 7.881261 -4.448076 1.220554 -0.012738 -0.012119 0.028873 0.999428
1625132480.011072 7.885561 -4.439435 1.241335 -0.009119 -0.003023 0.040429 0.999136
1625132480.111149 7.874674 -4.425075 1.248711 -0.004025 0.003388 0.056477 0.998390
1625132480.211928 7.878570 -4.413469 1.252647 0.003667 0.002713 0.067057 0.997739
1625132480.312201 7.903249 -4.406178 1.266842 0.015926 -0.002077 0.074209 0.997113
1625132480.413520 7.941418 -4.393172 1.292414 0.022938 -0.002205 0.058967 0.997994
1625132480.524739 7.985862 -4.375820 1.315213 0.021545 0.008355 0.041500 0.998871
1625132480.614879 8.027627 -4.366902 1.335503 0.013621 0.018111 0.001102 0.999743
1625132480.724189 8.084140 -4.363174 1.371854 0.004060 0.029423 -0.003029 0.999554
1625132480.823320 8.125386 -4.363901 1.398896 -0.001838 0.031139 -0.017071 0.999368
1625132480.922295 8.153226 -4.364888 1.414784 -0.011332 0.026861 -0.022994 0.999310
1625132481.021469 8.175243 -4.372743 1.426115 -0.020960 0.020017 -0.029985 0.999130
1625132481.083316 8.184374 -4.376129 1.433594 -0.026190 0.015453 -0.031029 0.999056
1625132481.180404 8.205098 -4.385012 1.460063 -0.029608 0.007886 -0.024076 0.999240
1625132481.301943 8.248516 -4.395306 1.501511 -0.040734 0.005191 -0.011207 0.999094
1625132481.403781 8.267844 -4.403240 1.534102 -0.046148 0.009379 0.016015 0.998762
1625132481.504709 8.297887 -4.407325 1.560583 -0.045496 0.012182 0.027042 0.998524
1625132481.619577 8.331173 -4.408318 1.578817 -0.044653 0.007759 0.032665 0.998438
1625132481.721233 8.367945 -4.406741 1.595345 -0.041665 0.004924 0.044113 0.998145
1625132481.822418 8.400424 -4.400049 1.610626 -0.034722 -0.000912 0.058253 0.997697
1625132481.907231 8.428557 -4.391548 1.630819 -0.030232 -0.002406 0.052126 0.998180
1625132482.008820 8.468328 -4.380190 1.665980 -0.027345 0.003112 0.046248 0.998551
1625132482.110152 8.497898 -4.371740 1.706133 -0.027847 0.010943 0.021411 0.999323
1625132482.218239 8.530332 -4.372442 1.737013 -0.036821 0.020565 0.008255 0.999076
1625132482.318006 8.565090 -4.381664 1.756546 -0.042637 0.020493 -0.004858 0.998869
1625132482.410312 8.595274 -4.394868 1.768489 -0.046623 0.014900 -0.017171 0.998654
1625132482.511845 8.627817 -4.409133 1.785057 -0.048081 0.010903 -0.030850 0.998307
1625132482.583003 8.650885 -4.416884 1.799318 -0.046117 0.010813 -0.027574 0.998497
1625132482.715516 8.710117 -4.429522 1.822790 -0.044024 0.022323 -0.003933 0.998773
1625132482.807579 8.751051 -4.433574 1.846605 -0.039155 0.037475 0.010185 0.998478
1625132482.909272 8.786497 -4.434011 1.867155 -0.034651 0.049973 0.034093 0.997567
1625132483.010342 8.814310 -4.429918 1.884087 -0.031263 0.056304 0.042742 0.997008
1625132483.115982 8.841501 -4.420324 1.900340 -0.030247 0.054772 0.054858 0.996532
1625132483.206185 8.861161 -4.413093 1.915164 -0.024752 0.047917 0.056817 0.996927
1625132483.317601 8.893544 -4.406902 1.936045 -0.015939 0.040187 0.055960 0.997497
1625132483.418392 8.925502 -4.401505 1.968140 -0.006993 0.036996 0.033703 0.998722
1625132483.524891 8.964019 -4.397011 2.018487 -0.006960 0.043856 -0.020984 0.998793
1625132483.610185 9.000218 -4.401325 2.056100 -0.006457 0.049896 -0.047314 0.997612
1625132483.708235 9.043002 -4.409698 2.083274 -0.007273 0.056782 -0.061278 0.996478
1625132483.808200 9.078713 -4.421557 2.096449 -0.013717 0.056560 -0.097999 0.993483
1625132483.907836 9.100254 -4.432796 2.099429 -0.018841 0.056045 -0.122535 0.990701
1625132484.022738 9.132562 -4.460754 2.107391 -0.022185 0.051528 -0.179343 0.982186
1625132484.121833 9.153954 -4.490282 2.120061 -0.019144 0.042907 -0.205105 0.977612
1625132484.221239 9.177977 -4.531876 2.138363 -0.014837 0.035562 -0.238720 0.970324
1625132484.321007 9.207883 -4.581261 2.157349 -0.007556 0.039213 -0.280695 0.958966
1625132484.420577 9.218020 -4.627479 2.183119 -0.003730 0.040915 -0.315282 0.948108
1625132484.520844 9.226576 -4.670702 2.211731 0.002589 0.041553 -0.354813 0.934010
1625132484.620716 9.225716 -4.710573 2.228503 0.008043 0.039036 -0.397542 0.916718
1625132484.710704 9.212689 -4.743070 2.246257 0.012476 0.034276 -0.444416 0.895078
1625132484.810429 9.206230 -4.774512 2.270725 0.017385 0.029660 -0.482799 0.875056
1625132484.910591 9.213762 -4.804388 2.286572 0.020404 0.026947 -0.530588 0.846956
1625132485.006828 9.228413 -4.836569 2.283747 0.023553 0.022666 -0.576539 0.816416
1625132485.112345 9.246313 -4.868259 2.281206 0.024429 0.016522 -0.635454 0.771575
1625132485.212071 9.250861 -4.888225 2.274280 0.030241 0.000424 -0.677916 0.734517
1625132485.311994 9.245713 -4.904910 2.277571 0.035340 -0.004476 -0.715932 0.697261
1625132485.411897 9.238332 -4.915314 2.288283 0.033257 -0.007186 -0.757096 0.652417
1625132485.511708 9.208181 -4.933764 2.300781 0.030134 -0.005265 -0.793124 0.608292
1625132485.610833 9.173028 -4.954912 2.300619 0.022201 -0.005365 -0.827978 0.560295
1625132485.710632 9.139791 -4.975298 2.306476 0.016265 -0.009040 -0.852376 0.522598
1625132485.809646 9.095332 -4.998091 2.315867 0.010618 -0.014496 -0.873084 0.487239
1625132485.909425 9.039934 -5.016332 2.328940 0.011872 -0.024861 -0.887496 0.459990
1625132486.007039 8.984080 -5.032714 2.337303 0.014167 -0.028043 -0.905855 0.422421
1625132486.104743 8.927795 -5.048021 2.351365 0.018789 -0.030379 -0.917738 0.395577
1625132486.206992 8.883288 -5.063662 2.361283 0.017900 -0.026485 -0.933324 0.357608
1625132486.306127 8.850053 -5.071471 2.370973 0.017487 -0.022429 -0.947888 0.317331
1625132486.406345 8.827610 -5.078532 2.366416 0.016676 -0.024715 -0.959847 0.278935
1625132486.506909 8.805509 -5.087673 2.352477 0.011841 -0.026276 -0.971227 0.236405
1625132486.606669 8.787243 -5.094200 2.336842 0.010944 -0.031704 -0.980639 0.192932
1625132486.706293 8.772584 -5.102535 2.322911 0.012468 -0.035429 -0.987877 0.150627
1625132486.805979 8.759623 -5.112879 2.308993 0.013325 -0.033389 -0.992232 0.119094
1625132486.905507 8.752148 -5.122578 2.285685 0.017817 -0.029190 -0.995127 0.092485
1625132487.004602 8.734698 -5.128818 2.266889 0.023996 -0.031410 -0.996415 0.074802
1625132487.109452 8.723979 -5.133625 2.260456 0.032912 -0.036090 -0.997129 0.057856
1625132487.204545 8.709045 -5.130506 2.261830 0.037568 -0.037376 -0.997583 0.044950
1625132487.304785 8.679927 -5.132118 2.249401 0.030510 -0.038784 -0.997545 0.049697
1625132487.405565 8.633347 -5.129784 2.249276 0.025483 -0.037006 -0.998276 0.037764
1625132487.509399 8.581220 -5.125374 2.267455 0.015181 -0.033035 -0.998519 0.040465
1625132487.605040 8.525350 -5.116050 2.298390 0.014652 -0.030538 -0.998396 0.045361
1625132487.704370 8.456946 -5.101324 2.334820 0.022237 -0.027969 -0.997500 0.060964
1625132487.804888 8.379839 -5.097156 2.372875 0.031689 -0.022283 -0.997000 0.067004
1625132487.905195 8.319963 -5.093881 2.391804 0.043654 -0.016796 -0.996883 0.063530
1625132488.005270 8.267873 -5.088222 2.415103 0.051658 -0.013484 -0.996170 0.069250
1625132488.121662 8.208989 -5.080836 2.441559 0.059007 -0.010933 -0.995981 0.066491
1625132488.222325 8.166701 -5.077433 2.465450 0.054046 -0.017282 -0.995568 0.074995
1625132488.322052 8.135359 -5.079658 2.489965 0.042141 -0.024323 -0.995879 0.076540
1625132488.405517 8.119588 -5.087781 2.503683 0.035322 -0.029033 -0.995702 0.080547
1625132488.522095 8.095738 -5.098271 2.560126 0.031645 -0.028350 -0.996068 0.077736
1625132488.622020 8.073814 -5.103588 2.615203 0.031806 -0.023468 -0.997228 0.063041
1625132488.707172 8.047108 -5.102072 2.647847 0.031118 -0.013521 -0.998316 0.047050
1625132488.806508 8.014205 -5.087237 2.667244 0.030700 -0.011116 -0.998723 0.038565
1625132488.906795 7.980896 -5.076151 2.664532 0.024901 -0.013084 -0.999271 0.025800
1625132489.021635 7.949468 -5.065417 2.666356 0.017625 -0.011443 -0.999702 0.012384
1625132489.121311 7.925782 -5.054511 2.690343 0.008089 -0.010047 -0.999768 0.017263
1625132489.210136 7.909560 -5.037331 2.710272 0.011887 -0.011825 -0.999746 0.015070
1625132489.320614 7.877238 -5.019510 2.745560 0.020172 -0.017504 -0.999332 0.024927
1625132489.397762 7.854741 -5.012229 2.773058 0.022836 -0.022403 -0.999337 0.017391
1625132489.497673 7.823513 -5.011312 2.805447 0.021182 -0.027281 -0.999200 0.020172
1625132489.597224 7.777886 -5.015109 2.839907 0.010328 -0.031363 -0.999240 0.020713
1625132489.722583 7.734171 -5.023035 2.873361 0.003888 -0.033219 -0.999141 0.024448
1625132489.823318 7.704414 -5.031207 2.898565 -0.003149 -0.040726 -0.999134 0.007896
1625132489.924781 7.677031 -5.041166 2.929867 0.001829 -0.049450 -0.998774 0.001059
1625132490.025080 7.646053 -5.053695 2.977562 0.005393 -0.049465 -0.998742 -0.006258
1625132490.124872 7.614780 -5.065583 3.009654 0.012180 -0.039184 -0.998648 -0.031909
1625132490.225750 7.583274 -5.069075 3.044054 0.015910 -0.033460 -0.998907 -0.028482
1625132490.326381 7.558928 -5.067124 3.059494 0.011140 -0.030064 -0.999181 -0.024702
1625132490.423589 7.539127 -5.063627 3.079524 0.007524 -0.029987 -0.998777 -0.038580
1625132490.525595 7.525285 -5.054820 3.104385 0.000424 -0.019830 -0.999123 -0.036885
1625132490.622708 7.518129 -5.039593 3.124814 -0.003270 -0.017023 -0.999225 -0.035348
1625132490.724571 7.495890 -5.019624 3.165373 -0.001291 -0.026207 -0.999432 -0.021154
1625132490.824936 7.464581 -4.998934 3.210109 0.005340 -0.034639 -0.999373 -0.004964
1625132490.925386 7.429416 -4.987345 3.248139 0.010550 -0.044745 -0.998905 -0.008633
1625132491.023282 7.394762 -4.979637 3.278039 0.010224 -0.051850 -0.998598 0.002919
1625132491.126247 7.361202 -4.973712 3.300986 0.007178 -0.056359 -0.998300 0.013009
1625132491.224227 7.322395 -4.978512 3.307008 0.001430 -0.062923 -0.997973 0.009391
1625132491.326234 7.271599 -4.989428 3.325916 -0.005072 -0.065401 -0.997730 0.015194
1625132491.424829 7.225165 -4.999442 3.352511 -0.000814 -0.058371 -0.998284 0.004593
1625132491.525049 7.191039 -5.024923 3.392435 0.008047 -0.051177 -0.998597 -0.010961
1625132491.624912 7.166232 -5.051356 3.424480 0.011866 -0.036684 -0.998856 -0.028279
1625132491.723754 7.156757 -5.068345 3.448696 0.011224 -0.029766 -0.999327 -0.018289
1625132491.823442 7.148427 -5.072828 3.469472 0.003612 -0.029722 -0.999312 -0.021900
1625132491.923126 7.128613 -5.064849 3.486387 0.004999 -0.031425 -0.999060 -0.029435
1625132492.023046 7.091289 -5.049187 3.498431 0.006365 -0.037794 -0.998740 -0.032387
1625132492.122923 7.049743 -5.028209 3.504017 0.007876 -0.041622 -0.998402 -0.037393
1625132492.221801 7.016129 -5.003177 3.516812 0.005289 -0.038499 -0.998775 -0.030622
1625132492.281033 7.000986 -4.987299 3.536763 0.004335 -0.035713 -0.998875 -0.030905
1625132492.380727 6.973768 -4.966997 3.559808 0.008443 -0.032732 -0.999286 -0.016852
1625132492.480680 6.943935 -4.950980 3.587716 0.015230 -0.035659 -0.999220 -0.007493
1625132492.621490 6.908235 -4.934501 3.623648 0.012822 -0.037607 -0.999210 -0.000453
1625132492.719826 6.888730 -4.930388 3.645687 0.007610 -0.040607 -0.999125 0.006439
1625132492.780974 6.874526 -4.930871 3.663495 0.002892 -0.041968 -0.999068 0.009696
1625132492.880655 6.850669 -4.944998 3.675728 -0.002410 -0.047036 -0.998736 0.017584
1625132492.980698 6.821498 -4.976800 3.672098 -0.010809 -0.058162 -0.998026 0.021081
1625132493.120789 6.774958 -5.016765 3.685761 -0.008237 -0.049122 -0.998726 0.008034
1625132493.181380 6.750404 -5.031130 3.704085 -0.002684 -0.044003 -0.999026 -0.001702
1625132493.282547 6.710576 -5.035313 3.746196 0.005123 -0.031902 -0.999132 -0.026274
1625132493.380877 6.677251 -5.042707 3.771238 0.008066 -0.026211 -0.999203 -0.028999
1625132493.524949 6.631642 -5.034186 3.801125 0.014402 -0.018128 -0.998411 -0.051368
1625132493.581185 6.614533 -5.031557 3.811759 0.016244 -0.017284 -0.998027 -0.058139
1625132493.681509 6.584843 -5.018763 3.816459 0.014760 -0.014626 -0.997456 -0.068189
1625132493.781102 6.553832 -5.002724 3.830723 0.012558 -0.014284 -0.997270 -0.071351
1625132493.898702 6.509927 -4.980576 3.853581 0.020102 -0.013982 -0.997951 -0.059111
1625132494.020892 6.458462 -4.968551 3.885037 0.031138 -0.017296 -0.998473 -0.042227
1625132494.121377 6.414886 -4.961171 3.909932 0.032195 -0.028203 -0.998552 -0.032598
1625132494.203326 6.387421 -4.960474 3.933830 0.032943 -0.033267 -0.998568 -0.025891
1625132494.319358 6.345260 -4.961145 3.952133 0.036295 -0.034751 -0.998624 -0.015024
1625132494.410127 6.308001 -4.964971 3.964909 0.036863 -0.035142 -0.998622 -0.012626
1625132494.506282 6.275311 -4.975294 3.973064 0.031380 -0.040526 -0.998578 -0.014665
1625132494.624079 6.237610 -4.987153 4.008754 0.029233 -0.043165 -0.998263 -0.027454
1625132494.717730 6.216377 -4.993748 4.045277 0.033233 -0.041419 -0.997029 -0.055805
1625132494.825554 6.197059 -4.996073 4.067972 0.041022 -0.036539 -0.996164 -0.068109
1625132494.922937 6.183722 -4.992773 4.085434 0.040022 -0.031119 -0.995687 -0.077699
1625132495.022355 6.168092 -4.986147 4.105407 0.035566 -0.028448 -0.995274 -0.085763
1625132495.123327 6.148096 -4.974648 4.124569 0.030719 -0.027354 -0.995104 -0.089867
1625132495.223032 6.126092 -4.961736 4.141417 0.025212 -0.027733 -0.994168 -0.101119
1625132495.321745 6.104975 -4.948679 4.149405 0.015314 -0.024593 -0.993709 -0.108178
1625132495.422033 6.078832 -4.936385 4.166709 0.012535 -0.017076 -0.992760 -0.118233
1625132495.522065 6.049167 -4.924364 4.182378 0.025495 -0.016464 -0.993533 -0.109417
1625132495.613991 6.022533 -4.914613 4.202031 0.031830 -0.018007 -0.996460 -0.075699
1625132495.714094 5.995662 -4.903869 4.202738 0.031144 -0.023060 -0.996706 -0.071245
1625132495.823003 5.963369 -4.900580 4.218622 0.026588 -0.031149 -0.994316 -0.098273
1625132495.915727 5.928460 -4.902220 4.244933 0.027030 -0.031609 -0.994917 -0.091709
1625132496.015290 5.887018 -4.907789 4.269107 0.029670 -0.034548 -0.997098 -0.061010
1625132496.125117 5.833842 -4.916018 4.295722 0.024603 -0.032743 -0.995821 -0.081625
1625132496.224570 5.793811 -4.923263 4.330690 0.032338 -0.032735 -0.991093 -0.124966
1625132496.325162 5.758162 -4.923901 4.360692 0.044350 -0.033880 -0.988543 -0.140241
1625132496.424632 5.723584 -4.918132 4.382891 0.048324 -0.030492 -0.987544 -0.146603
1625132496.524260 5.707393 -4.908507 4.403924 0.043636 -0.030258 -0.984997 -0.164201
1625132496.623654 5.688571 -4.893637 4.406750 0.042513 -0.029905 -0.982504 -0.178839
1625132496.723299 5.659596 -4.877824 4.428890 0.041022 -0.028047 -0.979664 -0.194394
1625132496.822945 5.616295 -4.860785 4.441612 0.037700 -0.026832 -0.975753 -0.213928
1625132496.922774 5.574197 -4.835435 4.448075 0.027242 -0.026717 -0.972359 -0.230350
1625132497.021560 5.531181 -4.810755 4.458947 0.018947 -0.023831 -0.965732 -0.257751
1625132497.121635 5.492537 -4.772162 4.476667 0.019814 -0.021663 -0.959234 -0.281085
1625132497.221909 5.483319 -4.735693 4.498234 0.023376 -0.023417 -0.953798 -0.298622
1625132497.310878 5.479337 -4.705597 4.520401 0.022247 -0.024665 -0.945881 -0.322810
1625132497.416241 5.478601 -4.670732 4.536756 0.016613 -0.027517 -0.936598 -0.348928
1625132497.516339 5.465960 -4.638712 4.567964 0.012794 -0.028445 -0.926115 -0.375949
1625132497.626464 5.449021 -4.606957 4.595132 0.004781 -0.026594 -0.912861 -0.407375
1625132497.716766 5.429297 -4.583808 4.606347 -0.005788 -0.025172 -0.899233 -0.436707
1625132497.816987 5.420054 -4.554579 4.615824 -0.018238 -0.026109 -0.879031 -0.475699
1625132497.916499 5.412043 -4.516948 4.617867 -0.026406 -0.028622 -0.845064 -0.533245
1625132498.022643 5.412275 -4.484762 4.602798 -0.025875 -0.031742 -0.810804 -0.583884
1625132498.110913 5.412550 -4.455321 4.599637 -0.019511 -0.032596 -0.779746 -0.624942
1625132498.222906 5.423931 -4.421076 4.589329 -0.005545 -0.025193 -0.736967 -0.675436
1625132498.325858 5.444958 -4.395883 4.578010 0.002057 -0.019512 -0.693789 -0.719911
1625132498.422056 5.469324 -4.366128 4.569109 0.006313 -0.012428 -0.649495 -0.760238
1625132498.516366 5.489355 -4.339734 4.570884 0.009377 -0.004530 -0.607647 -0.794139
1625132498.616086 5.504831 -4.310552 4.588790 0.011456 0.003308 -0.551881 -0.833838
1625132498.715499 5.533006 -4.291473 4.605627 0.014422 0.011286 -0.513432 -0.857935
1625132498.809271 5.570898 -4.274261 4.613287 0.013281 0.012697 -0.474949 -0.879822
1625132498.919522 5.620309 -4.257719 4.615509 0.014039 0.017024 -0.428295 -0.903370
1625132499.014534 5.668872 -4.243856 4.620998 0.014800 0.021258 -0.393610 -0.918913
1625132499.114959 5.722310 -4.229950 4.620128 0.013344 0.024652 -0.352914 -0.935236
1625132499.215080 5.758778 -4.217105 4.619960 0.005740 0.029565 -0.309029 -0.950575
1625132499.315612 5.782967 -4.202974 4.623050 0.000076 0.035046 -0.257707 -0.965587
1625132499.416220 5.808731 -4.191380 4.627882 0.000646 0.032789 -0.199391 -0.979371
1625132499.520727 5.842799 -4.190094 4.629322 0.004031 0.028075 -0.142438 -0.989397
1625132499.615378 5.878413 -4.196802 4.632967 0.006401 0.022009 -0.117266 -0.992836
1625132499.725519 5.915380 -4.209020 4.642272 0.004072 0.012031 -0.070430 -0.997436
1625132499.810283 5.950785 -4.221436 4.638733 0.004421 0.006857 -0.043125 -0.999036
1625132499.920056 5.996125 -4.240521 4.637207 0.004462 0.013774 -0.026739 -0.999538
1625132500.009214 6.042210 -4.256511 4.652122 0.004215 0.026895 -0.015569 -0.999508
1625132500.108710 6.092644 -4.269571 4.676185 0.005420 0.026981 -0.014753 -0.999512
1625132500.218878 6.132508 -4.277628 4.704901 0.004427 0.024513 -0.022122 -0.999445
1625132500.309154 6.159148 -4.279697 4.735498 0.005033 0.025937 -0.012121 -0.999577
1625132500.414254 6.191254 -4.275841 4.770254 0.003058 0.027956 -0.019178 -0.999420
1625132500.514300 6.220942 -4.270223 4.791737 -0.000055 0.022444 -0.027976 -0.999357
1625132500.620103 6.248829 -4.259458 4.812810 -0.002040 0.020353 -0.038441 -0.999052
1625132500.715501 6.275962 -4.245444 4.839396 -0.003969 0.023529 -0.043192 -0.998782
1625132500.821606 6.308914 -4.228400 4.886408 -0.000685 0.024471 -0.025463 -0.999376
1625132500.922320 6.357727 -4.208212 4.945149 0.005432 0.016422 -0.003273 -0.999845
1625132501.022570 6.408149 -4.192933 4.994867 0.014385 0.008752 0.008345 -0.999823
1625132501.122329 6.452830 -4.193026 5.035286 0.016127 -0.001366 0.010350 -0.999815
1625132501.222118 6.489443 -4.203354 5.076950 0.016559 -0.005069 0.019991 -0.999650
1625132501.322113 6.525941 -4.217414 5.105109 0.017591 -0.009082 0.034753 -0.999200
1625132501.421804 6.555009 -4.229396 5.122980 0.018192 -0.013322 0.038604 -0.999000
1625132501.520885 6.574044 -4.241507 5.140297 0.020207 -0.010099 0.035562 -0.999112
1625132501.615208 6.594456 -4.249766 5.166826 0.022680 -0.006098 0.017848 -0.999565
1625132501.719797 6.625131 -4.251608 5.193310 0.023807 -0.004525 -0.007109 -0.999681
1625132501.814646 6.644793 -4.251968 5.209937 0.021171 -0.003756 -0.022396 -0.999518
1625132501.915090 6.665803 -4.246575 5.212933 0.011711 0.001959 -0.042214 -0.999038
1625132502.010184 6.691568 -4.234547 5.205054 0.007899 0.002315 -0.053859 -0.998515
1625132502.110917 6.721930 -4.218598 5.210078 0.005558 0.002853 -0.061740 -0.998073
1625132502.211786 6.756976 -4.203422 5.224193 0.004490 0.006676 -0.053782 -0.998520
1625132502.312378 6.801503 -4.194210 5.244674 0.000895 0.011969 -0.048367 -0.998758
1625132502.412665 6.840543 -4.190199 5.284886 -0.004358 0.012656 -0.033026 -0.999365
1625132502.516727 6.884758 -4.185781 5.331847 0.001932 0.007967 -0.009664 -0.999920
1625132502.612365 6.913534 -4.186127 5.368217 0.013138 0.006626 0.000816 -0.999891
1625132502.712265 6.940435 -4.194212 5.403371 0.019136 0.009832 0.028419 -0.999365
1625132502.811490 6.962263 -4.205964 5.429319 0.024017 0.011473 0.038917 -0.998888
1625132502.910969 6.980139 -4.221730 5.463044 0.026042 0.011282 0.045643 -0.998555
1625132503.010199 7.010903 -4.239940 5.480767 0.029703 0.012553 0.038330 -0.998745
1625132503.119551 7.048027 -4.256772 5.495274 0.025587 -0.000546 0.018431 -0.999503
1625132503.209073 7.079892 -4.266858 5.502732 0.016231 -0.006983 0.003895 -0.999836
1625132503.309080 7.118090 -4.269651 5.518675 0.007581 -0.009041 -0.004966 -0.999918
1625132503.409687 7.153379 -4.263625 5.539477 0.002041 -0.011458 -0.014024 -0.999834
1625132503.510209 7.195438 -4.253580 5.557433 -0.005380 -0.012332 -0.022552 -0.999655
1625132503.611187 7.243376 -4.245219 5.577943 -0.014319 -0.011437 -0.017999 -0.999670
1625132503.712217 7.282104 -4.232587 5.595387 -0.016017 -0.011850 -0.004087 -0.999793
1625132503.812876 7.319068 -4.219613 5.621767 -0.013420 -0.020451 0.025128 -0.999385
1625132503.922787 7.360441 -4.214386 5.670583 0.004670 -0.033787 0.036400 -0.998755
1625132504.017190 7.393980 -4.216716 5.698119 0.008473 -0.036867 0.049844 -0.998040
1625132504.111295 7.429430 -4.222514 5.719779 0.013781 -0.031252 0.060145 -0.997605
1625132504.210383 7.460193 -4.232463 5.743878 0.017247 -0.026709 0.069768 -0.997057
1625132504.309817 7.488940 -4.241317 5.773726 0.025707 -0.019918 0.069429 -0.997057
1625132504.419003 7.523284 -4.248779 5.819101 0.032116 -0.016777 0.054892 -0.997835
1625132504.507990 7.549172 -4.250925 5.857291 0.034662 -0.022736 0.036642 -0.998468
1625132504.607943 7.572245 -4.249762 5.896981 0.024550 -0.024748 0.022756 -0.999133
1625132504.708045 7.598583 -4.243274 5.929032 0.013242 -0.023573 -0.001044 -0.999634
1625132504.808692 7.631393 -4.235310 5.964652 0.007685 -0.020151 -0.012173 -0.999693
1625132504.909941 7.663782 -4.228114 5.993490 0.003748 -0.019668 -0.016862 -0.999657
1625132505.010819 7.696257 -4.216972 6.014987 0.000417 -0.013864 -0.015347 -0.999786
1625132505.111362 7.728883 -4.203082 6.050897 0.002381 -0.012517 -0.008640 -0.999881
1625132505.181808 7.747606 -4.199783 6.074638 0.007855 -0.013329 0.010410 -0.999826
1625132505.282171 7.777384 -4.203521 6.110810 0.020287 -0.016167 0.031167 -0.999178
1625132505.381569 7.809053 -4.209957 6.138415 0.031996 -0.016193 0.046796 -0.998261
1625132505.498056 7.841350 -4.229846 6.170144 0.036086 -0.014751 0.072154 -0.996631
1625132505.614619 7.869312 -4.249318 6.205145 0.042037 -0.006837 0.074724 -0.996294
1625132505.700305 7.897782 -4.260497 6.242187 0.042929 0.001250 0.061448 -0.997186
1625132505.816086 7.939883 -4.273107 6.271765 0.035581 -0.007259 0.026498 -0.998989
1625132505.917481 7.975850 -4.278750 6.299784 0.019188 -0.011281 -0.000488 -0.999752
1625132506.007116 8.003791 -4.275005 6.320590 0.006371 -0.008441 -0.022781 -0.999685
1625132506.118596 8.033161 -4.262068 6.320095 -0.001807 -0.006066 -0.046793 -0.998885
1625132506.219533 8.071102 -4.251822 6.324201 -0.010940 -0.007340 -0.063019 -0.997925
1625132506.320770 8.109908 -4.239572 6.342615 -0.017200 -0.002482 -0.067615 -0.997560
1625132506.420224 8.141961 -4.220768 6.367705 -0.021323 0.002606 -0.055837 -0.998209
1625132506.522940 8.170289 -4.205798 6.389254 -0.023662 -0.004338 -0.024440 -0.999412
1625132506.623871 8.201955 -4.205355 6.416199 -0.015983 -0.008687 -0.000118 -0.999835
1625132506.723778 8.230897 -4.216746 6.450644 -0.005150 -0.013573 0.019153 -0.999711
1625132506.823336 8.256253 -4.223439 6.466605 0.000100 -0.012806 0.044145 -0.998943
1625132506.922543 8.286941 -4.224849 6.479040 0.004618 -0.004072 0.054565 -0.998491
1625132506.990304 8.309353 -4.228933 6.493324 0.009383 0.000743 0.061252 -0.998078
1625132507.080979 8.331073 -4.238935 6.517074 0.014876 0.004549 0.066880 -0.997640
1625132507.213672 8.381035 -4.261447 6.562574 0.023361 0.007195 0.046762 -0.998607
1625132507.313054 8.424248 -4.276212 6.605795 0.014175 -0.010010 0.031478 -0.999354
1625132507.413360 8.453998 -4.279613 6.644630 0.000947 -0.018867 0.012748 -0.999740
1625132507.508362 8.485318 -4.276293 6.665530 -0.010157 -0.021988 -0.002291 -0.999704
1625132507.609233 8.520407 -4.270998 6.680383 -0.022028 -0.026949 -0.015438 -0.999275
1625132507.715390 8.555327 -4.264233 6.699473 -0.029858 -0.027219 -0.018317 -0.999016
1625132507.816252 8.593779 -4.258287 6.735950 -0.032816 -0.028067 0.001631 -0.999066
1625132507.917117 8.643147 -4.256187 6.777505 -0.029790 -0.040163 0.040259 -0.997937
1625132508.018381 8.681486 -4.261442 6.823087 -0.025406 -0.051548 0.084477 -0.994767
1625132508.117339 8.707687 -4.277139 6.868605 -0.018644 -0.049989 0.117225 -0.991671
1625132508.207163 8.724966 -4.291710 6.901928 -0.014790 -0.043434 0.159044 -0.986205
1625132508.306607 8.746981 -4.318276 6.924573 -0.012449 -0.038325 0.201743 -0.978609
1625132508.406158 8.780052 -4.350681 6.943508 -0.014337 -0.033118 0.233952 -0.971578
1625132508.506140 8.813980 -4.386796 6.955253 -0.012442 -0.022735 0.262747 -0.964517
1625132508.606214 8.841831 -4.418518 6.952391 -0.009073 -0.015830 0.289434 -0.957024
1625132508.707553 8.866849 -4.446371 6.940063 -0.006015 -0.024822 0.310068 -0.950371
1625132508.807581 8.892767 -4.479262 6.946745 -0.010278 -0.031869 0.321978 -0.946155
1625132508.908290 8.910131 -4.513252 6.933101 -0.015952 -0.027653 0.342881 -0.938836
1625132509.008769 8.929574 -4.552028 6.931388 -0.021849 -0.025239 0.364821 -0.930479
1625132509.109212 8.943761 -4.588823 6.936591 -0.025536 -0.024308 0.387806 -0.921066
1625132509.209648 8.950900 -4.623324 6.937367 -0.027783 -0.013974 0.416382 -0.908658
1625132509.310162 8.962860 -4.658529 6.937501 -0.027304 -0.001606 0.452220 -0.891487
1625132509.410829 8.979347 -4.693804 6.914144 -0.026971 0.015231 0.497802 -0.866738
1625132509.511146 8.988077 -4.728114 6.890517 -0.027898 0.023547 0.541959 -0.839611
1625132509.620314 8.986723 -4.762452 6.870511 -0.026529 0.028402 0.595758 -0.802223
1625132509.720077 8.974631 -4.796656 6.835578 -0.020864 0.025573 0.641326 -0.766558
1625132509.820184 8.955205 -4.827697 6.815514 -0.015836 0.019456 0.690424 -0.722970
1625132509.920453 8.928268 -4.855941 6.815444 -0.009136 0.015117 0.737885 -0.674695
1625132510.019909 8.887598 -4.885259 6.811403 -0.002714 0.015423 0.776798 -0.629555
1625132510.119158 8.835510 -4.908526 6.813956 0.007539 0.016972 0.813423 -0.581375
1625132510.218505 8.782843 -4.927011 6.821963 0.013493 0.018134 0.851443 -0.523960
1625132510.317854 8.738754 -4.938454 6.834434 0.017734 0.020464 0.882191 -0.470112
1625132510.417446 8.702323 -4.947510 6.835039 0.016887 0.017890 0.910653 -0.412439
1625132510.516818 8.664177 -4.953732 6.863471 0.011598 0.016916 0.935594 -0.352481
1625132510.608513 8.629281 -4.958904 6.881336 0.005861 0.022120 0.952279 -0.304371
1625132510.713352 8.582773 -4.962915 6.904357 -0.002100 0.033148 0.967518 -0.250611
1625132510.808171 8.550366 -4.969517 6.905680 -0.009641 0.042496 0.977665 -0.205602
1625132510.913188 8.521935 -4.975985 6.923562 -0.012343 0.048722 0.986781 -0.154070
1625132511.013132 8.492193 -4.975572 6.933148 -0.015465 0.048182 0.991771 -0.117598
1625132511.112428 8.461051 -4.971225 6.949911 -0.014382 0.048232 0.993871 -0.098429
1625132511.213411 8.425417 -4.963983 6.968493 -0.016141 0.042854 0.997387 -0.055881
1625132511.318229 8.375048 -4.950933 6.979149 -0.016277 0.039692 0.998380 -0.037368
1625132511.413753 8.330451 -4.939041 6.999919 -0.015980 0.037463 0.999039 -0.016201
1625132511.514477 8.277239 -4.920468 7.016202 -0.009644 0.037471 0.999234 -0.005778
1625132511.613713 8.221139 -4.892285 7.036679 -0.003775 0.033633 0.999413 0.005380
1625132511.713297 8.162141 -4.862812 7.071922 -0.001895 0.038300 0.999243 -0.006580
1625132511.808112 8.118724 -4.843283 7.114310 -0.010848 0.049328 0.998524 -0.019991
1625132511.913706 8.066820 -4.830957 7.146389 -0.014393 0.057576 0.997940 -0.024344
1625132512.014492 8.022237 -4.825034 7.174309 -0.020384 0.054360 0.998092 -0.021036
1625132512.114830 7.973870 -4.822824 7.189830 -0.029159 0.046060 0.998425 -0.013247
1625132512.214682 7.921134 -4.820864 7.218462 -0.034342 0.045817 0.998032 -0.025570
1625132512.314469 7.870421 -4.819872 7.231102 -0.034330 0.053052 0.997451 -0.033128
1625132512.414729 7.819896 -4.831324 7.254946 -0.034437 0.051524 0.997644 -0.029427
1625132512.514210 7.771913 -4.850138 7.286401 -0.033332 0.042020 0.998350 -0.020502
1625132512.610066 7.725293 -4.859867 7.316791 -0.035004 0.027968 0.998971 -0.007086
1625132512.709727 7.678250 -4.861033 7.350265 -0.039846 0.022423 0.998950 -0.002751
1625132512.809365 7.638909 -4.858436 7.369013 -0.040231 0.017063 0.999042 0.002482
1625132512.919886 7.597752 -4.850760 7.379619 -0.034265 0.011588 0.999233 0.014984
1625132513.020172 7.570876 -4.843583 7.388234 -0.032259 0.008944 0.999283 0.017665
1625132513.119952 7.539743 -4.835415 7.398226 -0.025965 0.006130 0.999570 0.012141
1625132513.219154 7.508053 -4.824228 7.417469 -0.028062 0.011838 0.999532 -0.002819
1625132513.319040 7.473414 -4.814813 7.438660 -0.034136 0.016935 0.999025 -0.022274
1625132513.419267 7.439521 -4.813428 7.473424 -0.038816 0.025352 0.998135 -0.039708
1625132513.519486 7.398291 -4.821775 7.499441 -0.042707 0.027467 0.997725 -0.044351
1625132513.620186 7.353095 -4.832724 7.514018 -0.043351 0.028632 0.997008 -0.057231
1625132513.720456 7.318158 -4.839054 7.544914 -0.035649 0.037572 0.997008 -0.057381
1625132513.821259 7.290569 -4.844205 7.589877 -0.024011 0.042611 0.997552 -0.049981
1625132513.921960 7.262298 -4.848627 7.630634 -0.030168 0.041999 0.998472 -0.019510
1625132514.021895 7.225333 -4.850560 7.669316 -0.033424 0.035155 0.998823 -0.000205
1625132514.121423 7.181372 -4.852163 7.690477 -0.035178 0.030390 0.998856 0.011217
1625132514.220830 7.141988 -4.849373 7.701772 -0.035688 0.025560 0.998902 0.016385
1625132514.320490 7.107387 -4.838806 7.703857 -0.037423 0.021239 0.998636 0.029572
1625132514.419902 7.076055 -4.825311 7.712262 -0.038537 0.014204 0.998637 0.032197
1625132514.507673 7.051079 -4.813917 7.728394 -0.035682 0.012205 0.998994 0.024247
1625132514.617914 7.006754 -4.802544 7.774475 -0.036984 0.010964 0.999251 -0.002944
1625132514.718158 6.968966 -4.794989 7.826268 -0.039284 0.017045 0.998943 -0.016705
1625132514.818558 6.944064 -4.793738 7.865213 -0.035115 0.022442 0.998650 -0.030998
1625132514.918963 6.923841 -4.797203 7.891137 -0.033307 0.024545 0.998473 -0.036606
1625132515.019565 6.903418 -4.807894 7.896455 -0.034316 0.030776 0.997665 -0.050395
1625132515.120345 6.880411 -4.820606 7.901966 -0.035254 0.038111 0.997110 -0.055471
1625132515.221236 6.850999 -4.830199 7.910644 -0.028805 0.043699 0.997023 -0.056625
1625132515.321876 6.817288 -4.838958 7.932891 -0.033298 0.046079 0.997729 -0.036118
1625132515.422508 6.780152 -4.848682 7.955226 -0.043930 0.032615 0.998387 -0.015173
1625132515.522374 6.752415 -4.854424 7.978581 -0.051950 0.022311 0.998398 -0.002364
1625132515.621548 6.735801 -4.855649 7.997815 -0.047767 0.019572 0.998666 0.001256
1625132515.720730 6.719871 -4.853303 8.010941 -0.038938 0.018335 0.999062 0.004803
1625132515.819999 6.701559 -4.846659 8.019900 -0.026821 0.017741 0.999475 0.003930
1625132515.919297 6.677485 -4.840161 8.022018 -0.021079 0.016077 0.999644 0.003050
1625132516.018690 6.648074 -4.835175 8.039990 -0.019707 0.014648 0.999693 -0.003233
1625132516.117928 6.613369 -4.830895 8.072507 -0.026200 0.012351 0.999539 -0.009151
1625132516.217778 6.570367 -4.827146 8.128136 -0.036580 0.016513 0.998641 -0.033238
1625132516.301452 6.537460 -4.827519 8.155505 -0.042846 0.022353 0.997862 -0.043990
1625132516.418237 6.489019 -4.835208 8.179420 -0.046246 0.026030 0.996446 -0.065416
1625132516.506263 6.447639 -4.845125 8.192124 -0.050600 0.025975 0.995627 -0.074102
1625132516.619607 6.395027 -4.861144 8.203024 -0.047240 0.026385 0.994442 -0.090314
1625132516.720345 6.352547 -4.877133 8.215525 -0.037059 0.032697 0.994296 -0.094517
1625132516.814774 6.305951 -4.896687 8.236174 -0.031162 0.034691 0.994198 -0.096934
1625132516.921408 6.248218 -4.913883 8.275425 -0.041877 0.029146 0.995354 -0.081659
1625132517.010226 6.207116 -4.922746 8.310042 -0.049000 0.027030 0.995575 -0.075485
1625132517.120732 6.161398 -4.925952 8.332469 -0.052030 0.026845 0.995532 -0.074081
1625132517.214729 6.123342 -4.924173 8.347097 -0.057055 0.024116 0.996179 -0.061567
1625132517.314410 6.086799 -4.919838 8.343869 -0.064130 0.024538 0.996991 -0.035984
1625132517.414328 6.051609 -4.910009 8.344298 -0.066461 0.023421 0.997302 -0.020545
1625132517.503691 6.019059 -4.897827 8.341018 -0.069746 0.016846 0.996974 0.029903
1625132517.613514 5.977594 -4.875654 8.340352 -0.067732 0.008354 0.995058 0.072123
1625132517.705497 5.943217 -4.856369 8.338424 -0.061265 0.011219 0.995964 0.064620
1625132517.812188 5.909977 -4.831638 8.341321 -0.053551 0.021699 0.995611 0.073618
1625132517.912640 5.889353 -4.809253 8.346725 -0.046670 0.031975 0.993837 0.095325
1625132518.012161 5.875122 -4.790623 8.342409 -0.039121 0.036866 0.989809 0.131868
1625132518.107456 5.855618 -4.780762 8.340075 -0.034803 0.035028 0.985679 0.161239
1625132518.206526 5.832467 -4.776929 8.343238 -0.035632 0.027222 0.976323 0.211617
1625132518.305985 5.805909 -4.777402 8.344777 -0.030361 0.025416 0.966453 0.253774
1625132518.405341 5.786373 -4.773321 8.343079 -0.025695 0.028151 0.951877 0.304102
1625132518.514835 5.766310 -4.766974 8.337008 -0.023814 0.034225 0.933462 0.356244
1625132518.609236 5.747496 -4.755145 8.332407 -0.024499 0.038864 0.914271 0.402490
1625132518.707698 5.731406 -4.740702 8.328331 -0.024072 0.039161 0.902103 0.429065
1625132518.817891 5.700346 -4.717945 8.325798 -0.020593 0.034303 0.881420 0.470635
1625132518.907706 5.662870 -4.692103 8.323188 -0.018931 0.031085 0.874234 0.484138
1625132519.016935 5.623974 -4.658747 8.319851 -0.019801 0.029456 0.859997 0.509062
1625132519.122426 5.601827 -4.622843 8.315858 -0.017540 0.033244 0.839816 0.541568
1625132519.208026 5.592635 -4.598013 8.306593 -0.019997 0.037445 0.824336 0.564507
1625132519.323524 5.576221 -4.564694 8.309823 -0.019465 0.033627 0.803538 0.593984
1625132519.414205 5.560812 -4.539441 8.312612 -0.024847 0.029665 0.776359 0.629102
1625132519.524536 5.543161 -4.507584 8.306673 -0.023498 0.025959 0.740970 0.670624
1625132519.625170 5.524979 -4.481141 8.315015 -0.013546 0.030582 0.704445 0.708970
1625132519.723080 5.510486 -4.460546 8.321845 -0.009388 0.032584 0.661744 0.748962
1625132519.824769 5.490543 -4.440860 8.329179 -0.008628 0.034226 0.609434 0.792051
1625132519.920313 5.479423 -4.426044 8.336668 -0.011218 0.036051 0.559125 0.828223
1625132520.024874 5.484431 -4.415651 8.338225 -0.016199 0.031487 0.499429 0.865631
1625132520.119176 5.495987 -4.409904 8.334816 -0.019792 0.026429 0.449989 0.892423
1625132520.218333 5.512430 -4.398951 8.329545 -0.022285 0.021355 0.398229 0.916766
1625132520.317361 5.534710 -4.389672 8.316511 -0.028014 0.020621 0.351517 0.935535
1625132520.416605 5.560596 -4.388055 8.306756 -0.024033 0.023712 0.318129 0.947446
1625132520.516741 5.580406 -4.389400 8.304120 -0.014507 0.027397 0.281078 0.959184
1625132520.617151 5.603015 -4.389512 8.297684 -0.014651 0.035182 0.223611 0.973933
1625132520.717972 5.614887 -4.393438 8.305903 -0.013807 0.046809 0.162058 0.985574
1625132520.819138 5.624438 -4.404283 8.314631 -0.010567 0.056305 0.092784 0.994037
1625132520.919659 5.636700 -4.420665 8.307288 -0.002194 0.059678 0.025036 0.997901
1625132521.019026 5.638446 -4.443083 8.301476 0.010205 0.060964 -0.027380 0.997712
1625132521.118790 5.639609 -4.465068 8.299957 0.015773 0.065612 -0.088554 0.993783
1625132521.217820 5.630813 -4.495099 8.304694 0.019470 0.071002 -0.121389 0.989871
1625132521.317245 5.626160 -4.528762 8.309288 0.026352 0.066826 -0.147410 0.986463
1625132521.419076 5.630141 -4.566884 8.301939 0.025299 0.062547 -0.166109 0.983796
1625132521.516333 5.639806 -4.607712 8.294367 0.018199 0.057907 -0.172935 0.983061
1625132521.616187 5.644650 -4.651845 8.296695 0.008587 0.053739 -0.171234 0.983726
1625132521.716001 5.657863 -4.697838 8.304279 -0.001125 0.050562 -0.158399 0.986079
1625132521.816788 5.682089 -4.735500 8.310139 -0.006732 0.054378 -0.144063 0.988050
1625132521.917505 5.708632 -4.765441 8.307997 -0.008741 0.059994 -0.135162 0.988967
1625132522.018284 5.736475 -4.787159 8.304383 -0.007957 0.056994 -0.124508 0.990548
1625132522.121042 5.770368 -4.804574 8.298882 -0.005633 0.053734 -0.110357 0.992422
1625132522.219358 5.812247 -4.817689 8.294322 -0.003228 0.050735 -0.098784 0.993809
1625132522.319847 5.858168 -4.827583 8.291459 -0.007944 0.044269 -0.092605 0.994687
1625132522.420251 5.902212 -4.831305 8.291047 -0.020535 0.041278 -0.090497 0.994829
1625132522.518432 5.943856 -4.830853 8.290754 -0.031002 0.039924 -0.084278 0.995159
1625132522.618917 5.988209 -4.837613 8.290718 -0.033196 0.040536 -0.080736 0.995357
1625132522.719272 6.036891 -4.850760 8.290973 -0.033752 0.045898 -0.071611 0.995804
1625132522.819161 6.087874 -4.867104 8.287283 -0.037121 0.048683 -0.070085 0.995661
1625132522.918318 6.137390 -4.885460 8.284830 -0.039853 0.048487 -0.062231 0.996086
1625132523.016419 6.189674 -4.900188 8.270677 -0.042983 0.044897 -0.050769 0.996774
1625132523.116273 6.247050 -4.913317 8.263250 -0.046228 0.045000 -0.039089 0.997151
1625132523.217092 6.306901 -4.923860 8.254794 -0.043470 0.048265 -0.011506 0.997822
1625132523.317241 6.369982 -4.929674 8.249244 -0.033362 0.050027 0.000087 0.998190
1625132523.417697 6.431738 -4.934847 8.237443 -0.023747 0.052047 0.007891 0.998331
1625132523.518108 6.491882 -4.936794 8.229584 -0.021160 0.053326 0.009986 0.998303
1625132523.618694 6.543182 -4.934511 8.228502 -0.019993 0.051957 -0.006827 0.998426
1625132523.717608 6.592741 -4.927540 8.224816 -0.016135 0.049566 -0.021047 0.998419
1625132523.818809 6.657306 -4.919744 8.212341 -0.017439 0.046242 -0.028498 0.998371
1625132523.918647 6.728690 -4.915485 8.200957 -0.023147 0.047981 -0.032291 0.998058
1625132524.014508 6.794421 -4.917781 8.181271 -0.029714 0.049545 -0.043355 0.997388
1625132524.116346 6.855175 -4.927054 8.162577 -0.030292 0.050256 -0.030770 0.997803
1625132524.178982 6.888879 -4.934087 8.152821 -0.031078 0.049355 -0.020214 0.998093
1625132524.278268 6.944597 -4.944072 8.146167 -0.026281 0.053892 -0.012810 0.998119
1625132524.378362 7.002393 -4.958556 8.129938 -0.019569 0.057589 0.002195 0.998146
1625132524.478657 7.056286 -4.969374 8.127832 -0.017869 0.066191 -0.001943 0.997645
1625132524.579015 7.105575 -4.984491 8.120632 -0.019027 0.078815 -0.014104 0.996608
1625132524.679518 7.156378 -4.993388 8.106594 -0.020980 0.085330 -0.033071 0.995583
1625132524.779881 7.201483 -4.995466 8.095584 -0.015723 0.077482 -0.051502 0.995539
1625132524.879738 7.257529 -4.992169 8.078005 -0.009614 0.064535 -0.066828 0.995629
1625132524.979478 7.314920 -4.984414 8.049236 -0.010458 0.062396 -0.072439 0.995364
1625132525.078203 7.366009 -4.971146 8.011429 -0.017955 0.067613 -0.056751 0.995934
1625132525.178058 7.402334 -4.966054 7.980527 -0.023690 0.072825 -0.058903 0.995322
1625132525.315492 7.452847 -4.971346 7.936586 -0.020195 0.056644 -0.013146 0.998104
1625132525.416081 7.495594 -4.978725 7.904790 -0.023869 0.055387 -0.007102 0.998154
1625132525.516638 7.543377 -4.982616 7.881716 -0.027058 0.058192 -0.005290 0.997925
1625132525.617814 7.588774 -4.984327 7.859147 -0.022343 0.065948 -0.006404 0.997552
1625132525.717476 7.617186 -4.988723 7.825322 -0.013248 0.065526 -0.014850 0.997652
1625132525.818334 7.637580 -4.997230 7.795139 0.001498 0.056310 -0.022717 0.998154
1625132525.918571 7.661626 -4.998692 7.774446 0.013595 0.041221 -0.036426 0.998393
1625132526.017694 7.694478 -4.989055 7.758206 0.023696 0.036122 -0.047113 0.997955
1625132526.117054 7.734334 -4.976557 7.757042 0.027488 0.043323 -0.039097 0.997917
1625132526.216107 7.774324 -4.967773 7.745836 0.025195 0.051117 -0.039310 0.997601
1625132526.279879 7.798212 -4.970520 7.733118 0.021964 0.052585 -0.041876 0.997496
1625132526.415171 7.843820 -4.980648 7.698946 0.018290 0.048145 -0.024516 0.998372
1625132526.514961 7.874239 -4.990358 7.659911 0.016038 0.038141 -0.016948 0.999000
1625132526.617329 7.906979 -5.001457 7.614515 0.009756 0.027469 -0.002375 0.999572
1625132526.717712 7.939018 -5.015449 7.578003 -0.002216 0.029854 -0.001090 0.999551
1625132526.818062 7.964821 -5.029396 7.549521 -0.007466 0.034999 0.000380 0.999359
1625132526.918447 7.991697 -5.043047 7.519050 -0.004181 0.043163 0.001175 0.999059
1625132527.018823 8.018965 -5.052164 7.493704 -0.001133 0.042038 -0.000826 0.999115
1625132527.118743 8.048551 -5.057014 7.472673 -0.000432 0.033620 -0.002201 0.999432
1625132527.218934 8.070685 -5.052262 7.458441 -0.001676 0.023447 -0.010403 0.999670
1625132527.319179 8.099417 -5.037326 7.438846 -0.008740 0.018692 -0.028633 0.999377
1625132527.418144 8.131891 -5.031447 7.412528 -0.007066 0.015900 -0.022162 0.999603
1625132527.516812 8.158884 -5.034819 7.381676 0.004124 0.017770 -0.014265 0.999732
1625132527.618104 8.184150 -5.036103 7.357901 0.008187 0.020022 -0.012462 0.999688
1625132527.718140 8.213406 -5.035886 7.335290 0.007862 0.019290 -0.002402 0.999780
1625132527.817955 8.249219 -5.033186 7.313268 0.003028 0.012755 0.002142 0.999912
1625132527.917562 8.288825 -5.034165 7.259864 -0.003969 0.007171 0.010935 0.999907
1625132528.017522 8.325355 -5.038605 7.209263 -0.014327 0.017090 0.040986 0.998911
1625132528.117855 8.357832 -5.041716 7.175094 -0.026686 0.025967 0.035676 0.998669
1625132528.217700 8.385018 -5.043172 7.166323 -0.034549 0.030848 0.050003 0.997675
1625132528.317810 8.415566 -5.039550 7.161424 -0.040518 0.038988 0.054477 0.996931
1625132528.418434 8.450204 -5.029608 7.160705 -0.043396 0.042228 0.059921 0.996365
1625132528.519084 8.488670 -5.020534 7.147776 -0.042489 0.037216 0.052494 0.997023
1625132528.618859 8.526849 -5.013323 7.108837 -0.038035 0.029962 0.052094 0.997468
1625132528.719170 8.573534 -4.999291 7.071004 -0.032275 0.024945 0.067941 0.996855
1625132528.818525 8.615391 -4.981481 7.039103 -0.025935 0.021980 0.099432 0.994463
1625132528.918168 8.666860 -4.959681 7.032698 -0.021658 0.018562 0.124897 0.991760
1625132529.018375 8.715454 -4.941831 7.028057 -0.018051 0.017112 0.153274 0.987871
1625132529.118558 8.764321 -4.928467 7.021200 -0.019442 0.012015 0.178616 0.983653
1625132529.218275 8.803052 -4.917214 7.002059 -0.028554 0.009531 0.216196 0.975886
1625132529.320380 8.850719 -4.907970 6.992193 -0.038881 -0.001794 0.250161 0.967422
1625132529.418629 8.886153 -4.894599 6.974529 -0.043416 -0.005466 0.293071 0.955089
1625132529.518764 8.924962 -4.867581 6.969742 -0.047238 0.001510 0.333936 0.941410
1625132529.618786 8.954085 -4.830172 6.958214 -0.046837 0.003557 0.382130 0.922914
1625132529.722362 8.977436 -4.789751 6.951847 -0.040143 0.001994 0.423333 0.905082
1625132529.821197 8.989355 -4.749953 6.930156 -0.032006 0.000531 0.469710 0.882241
1625132529.919671 8.993291 -4.703970 6.896909 -0.031257 -0.001548 0.500818 0.864986
1625132530.019631 8.982517 -4.654220 6.861375 -0.035298 0.004087 0.534517 0.844411
1625132530.119491 8.965978 -4.607857 6.832582 -0.034830 0.009486 0.565803 0.823750
1625132530.218835 8.963886 -4.556928 6.827982 -0.039052 0.016388 0.607289 0.793352
1625132530.318983 8.968705 -4.500090 6.823866 -0.043297 0.026106 0.645891 0.761754
1625132530.418931 8.974034 -4.440668 6.835915 -0.049777 0.030470 0.686295 0.724978
1625132530.518356 8.995081 -4.389191 6.875255 -0.056858 0.025405 0.736478 0.673588
1625132530.618052 9.008226 -4.350236 6.909653 -0.061163 0.016525 0.782542 0.619366
1625132530.718161 8.992455 -4.321146 6.933671 -0.067939 0.013631 0.820080 0.568038
1625132530.818928 8.959226 -4.293361 6.976836 -0.072708 0.018587 0.851275 0.519326
1625132530.919458 8.921575 -4.268119 7.013270 -0.073788 0.024887 0.878198 0.471915
1625132531.019961 8.875820 -4.249560 7.042557 -0.070116 0.022615 0.897778 0.434243
1625132531.120140 8.828611 -4.238104 7.060388 -0.061808 0.012242 0.913137 0.402754
1625132531.219961 8.782259 -4.223774 7.068225 -0.058652 0.006863 0.929639 0.363708
1625132531.319459 8.738627 -4.207134 7.068864 -0.059704 0.003859 0.944511 0.322985
1625132531.419115 8.692572 -4.188983 7.062655 -0.067128 0.004898 0.959826 0.272404
1625132531.518677 8.648337 -4.176593 7.044894 -0.070782 0.003564 0.971741 0.225158
1625132531.618278 8.606009 -4.170508 7.013325 -0.070248 -0.000674 0.982871 0.170380
1625132531.718083 8.570137 -4.165147 6.994367 -0.062335 -0.007490 0.990978 0.118413
1625132531.817983 8.534697 -4.158243 6.998222 -0.058161 -0.009380 0.995973 0.067582
1625132531.918021 8.496784 -4.150016 6.992344 -0.060479 -0.004877 0.997678 0.030930
1625132532.018458 8.455473 -4.143405 6.982570 -0.063541 0.001386 0.997977 -0.001731
1625132532.118973 8.403300 -4.142905 6.964863 -0.065466 0.011289 0.997446 -0.026220
1625132532.219700 8.345184 -4.146670 6.943562 -0.062220 0.019022 0.997011 -0.041674
1625132532.320233 8.282163 -4.149969 6.928780 -0.055477 0.019146 0.997438 -0.040894
1625132532.420441 8.217925 -4.151209 6.920196 -0.055112 0.013649 0.997796 -0.034334
1625132532.520180 8.151993 -4.148523 6.907694 -0.059685 0.014629 0.997353 -0.038859
1625132532.620189 8.090306 -4.144665 6.892688 -0.065549 0.016595 0.997137 -0.033841
1625132532.719607 8.033073 -4.142228 6.853998 -0.072035 0.016644 0.996731 -0.032591
1625132532.818671 7.991373 -4.141370 6.801257 -0.066871 0.016693 0.996436 -0.048622
1625132532.917898 7.948247 -4.137239 6.745326 -0.061516 0.011868 0.996599 -0.053533
1625132533.017531 7.890329 -4.129963 6.703363 -0.067477 0.007462 0.996328 -0.052173
1625132533.117616 7.838972 -4.125472 6.681540 -0.066985 0.008611 0.996490 -0.049467
1625132533.218054 7.790089 -4.127220 6.645188 -0.064992 0.014354 0.996909 -0.041745
1625132533.318367 7.737884 -4.131987 6.616512 -0.061785 0.013895 0.997706 -0.023928
1625132533.417685 7.680622 -4.136146 6.576661 -0.050985 0.016128 0.998544 -0.007043
1625132533.516885 7.629938 -4.135164 6.569741 -0.052186 0.016013 0.997994 -0.032074
1625132533.616847 7.583046 -4.134100 6.556125 -0.053107 0.014540 0.998009 -0.030759
1625132533.716086 7.558084 -4.131976 6.518036 -0.039267 0.013992 0.997470 -0.057589
1625132533.815789 7.546640 -4.128882 6.479736 -0.022896 0.005786 0.997478 -0.066927
1625132533.916093 7.537757 -4.128211 6.454314 -0.018306 -0.003216 0.998592 -0.049684
1625132534.016567 7.508615 -4.127318 6.426940 -0.019851 -0.004353 0.996742 -0.078057
1625132534.117712 7.461736 -4.122593 6.399165 -0.022560 -0.000198 0.997977 -0.059435
1625132534.219050 7.409771 -4.121584 6.339529 -0.025312 0.005872 0.998881 -0.039507
1625132534.319605 7.365580 -4.123845 6.259105 -0.020648 0.009843 0.999554 -0.019183
1625132534.419504 7.331435 -4.130599 6.197487 -0.017007 0.013390 0.999745 0.006505
1625132534.518257 7.304767 -4.135655 6.170732 -0.017021 0.017893 0.999662 0.008077
1625132534.617440 7.274798 -4.136230 6.165518 -0.026835 0.020949 0.999419 -0.001297
1625132534.717282 7.238287 -4.126216 6.160721 -0.028465 0.028062 0.999201 -0.000762
1625132534.816958 7.211930 -4.111072 6.166435 -0.018581 0.031693 0.999256 -0.011741
1625132534.916298 7.188473 -4.095035 6.159307 0.000316 0.029161 0.999378 -0.019811
1625132535.015742 7.158472 -4.077063 6.151028 0.012648 0.030391 0.999077 -0.027593
1625132535.116055 7.126630 -4.063857 6.142146 0.011073 0.023982 0.998925 -0.038106
1625132535.216753 7.090225 -4.060135 6.120508 0.005301 0.018357 0.999684 -0.016364
1625132535.317665 7.051083 -4.061874 6.091164 -0.003871 0.014907 0.999735 -0.017136
1625132535.418453 7.010791 -4.062876 6.042580 -0.006237 0.017456 0.999729 -0.014059
1625132535.518528 6.969395 -4.068004 5.969011 -0.004340 0.023360 0.999715 -0.002140
1625132535.618491 6.922796 -4.083603 5.902704 -0.005547 0.025069 0.999638 0.008021
1625132535.718283 6.873379 -4.104855 5.856852 -0.013466 0.025074 0.999493 0.014287
1625132535.817150 6.833796 -4.119844 5.815656 -0.015512 0.025987 0.999539 0.002249
1625132535.916855 6.795837 -4.126833 5.804640 -0.015217 0.023719 0.999516 -0.013139
1625132536.017092 6.756748 -4.129992 5.784085 -0.019560 0.022047 0.999564 -0.001688
1625132536.116744 6.713865 -4.125531 5.770751 -0.021949 0.013584 0.999266 -0.028317
1625132536.216917 6.674477 -4.119652 5.741854 -0.019571 0.004401 0.999270 -0.032504
1625132536.316728 6.636861 -4.116874 5.718169 -0.019547 -0.004167 0.999227 -0.033841
1625132536.417051 6.592325 -4.116010 5.701948 -0.024373 -0.008723 0.998996 -0.036550
1625132536.517521 6.548413 -4.113400 5.681224 -0.023316 -0.006000 0.999343 -0.027102
1625132536.617753 6.511030 -4.118013 5.641907 -0.016351 0.002112 0.999576 -0.023998
1625132536.717569 6.480208 -4.126451 5.590785 -0.005428 0.011614 0.999888 -0.007703
1625132536.817247 6.448312 -4.140652 5.524292 -0.002577 0.016061 0.999850 -0.005912
1625132536.916803 6.416263 -4.151272 5.474776 -0.007328 0.016335 0.999829 -0.004670
1625132537.016688 6.381245 -4.157668 5.429027 -0.016537 0.014399 0.999697 -0.011228
1625132537.116519 6.341258 -4.156502 5.394038 -0.023930 0.014100 0.999564 -0.009994
1625132537.216608 6.301644 -4.154798 5.359703 -0.023952 0.011929 0.999111 -0.032576
1625132537.316370 6.266058 -4.151796 5.336438 -0.010674 0.008851 0.999035 -0.041668
1625132537.416687 6.226416 -4.146314 5.329775 -0.007200 0.001458 0.998835 -0.047691
1625132537.516642 6.189131 -4.137974 5.334040 -0.009518 -0.002040 0.998870 -0.046523
1625132537.617207 6.146141 -4.134590 5.357644 -0.016068 -0.001335 0.998710 -0.048154
1625132537.717705 6.091698 -4.134339 5.361530 -0.016447 0.004169 0.999240 -0.035085
1625132537.817641 6.037150 -4.138312 5.350397 -0.012683 0.019084 0.999260 -0.030879
1625132537.917453 5.991794 -4.146647 5.341740 -0.007491 0.031850 0.999388 -0.012344
1625132538.017014 5.966170 -4.156474 5.311829 -0.006104 0.034009 0.999209 -0.019706
1625132538.115891 5.936419 -4.158313 5.277113 -0.010594 0.036263 0.998746 -0.032847
1625132538.216217 5.894824 -4.154118 5.241428 -0.018135 0.037446 0.998757 -0.027443
1625132538.316089 5.851692 -4.149241 5.217472 -0.018175 0.034796 0.998141 -0.046623
1625132538.415451 5.812573 -4.145389 5.167604 -0.009678 0.027524 0.996907 -0.072973
1625132538.516061 5.780608 -4.145630 5.100995 -0.011579 0.012053 0.996552 -0.081264
1625132538.616388 5.748230 -4.148452 5.046016 -0.015555 -0.001271 0.995300 -0.095570
1625132538.716938 5.711289 -4.151392 4.983093 -0.021969 -0.008062 0.994380 -0.103250
1625132538.817657 5.665717 -4.161837 4.905740 -0.032654 -0.008169 0.992324 -0.118999
1625132538.918015 5.626947 -4.177375 4.825266 -0.031375 -0.001774 0.991628 -0.125242
1625132539.018230 5.598920 -4.202550 4.763185 -0.027391 0.002586 0.989642 -0.140896
1625132539.118752 5.568328 -4.234957 4.730566 -0.023434 -0.000432 0.988912 -0.146638
1625132539.217947 5.543684 -4.255770 4.719626 -0.017995 -0.002173 0.988814 -0.148047
1625132539.316839 5.516807 -4.268655 4.731646 -0.017193 -0.002715 0.982899 -0.183319
1625132539.417073 5.488655 -4.285528 4.740808 -0.021904 -0.001507 0.975682 -0.218088
1625132539.517053 5.455257 -4.300930 4.755778 -0.015290 0.006194 0.964932 -0.261979
1625132539.616526 5.429221 -4.313639 4.739717 -0.004534 0.011664 0.949374 -0.313899
1625132539.716825 5.413953 -4.326491 4.701805 0.000367 0.008352 0.935107 -0.354266
1625132539.817157 5.397833 -4.343708 4.666776 -0.001787 0.001681 0.917903 -0.396796
1625132539.917697 5.371291 -4.361236 4.636808 -0.005281 0.001072 0.897286 -0.441417
1625132540.018094 5.339574 -4.383418 4.605420 -0.008458 0.001897 0.875546 -0.483057
1625132540.119050 5.318533 -4.415194 4.574290 -0.010341 0.007545 0.849742 -0.527044
1625132540.220901 5.305249 -4.455717 4.568945 -0.007522 0.013898 0.823623 -0.566917
1625132540.318985 5.309100 -4.503104 4.557078 -0.002801 0.021564 0.797367 -0.603103
1625132540.422415 5.301312 -4.539577 4.593160 0.006454 0.016620 0.773916 -0.633038
1625132540.522801 5.297608 -4.568160 4.638521 0.009181 0.013185 0.748606 -0.662820
1625132540.619004 5.299665 -4.592098 4.654626 0.008869 0.010053 0.716274 -0.697690
1625132540.718636 5.306718 -4.632258 4.656783 0.005362 0.004495 0.680503 -0.732711
1625132540.818205 5.314611 -4.678803 4.659927 0.003182 -0.000862 0.644539 -0.764565
1625132540.918245 5.326772 -4.720918 4.651767 0.003372 -0.008331 0.611245 -0.791391
1625132541.017846 5.351566 -4.748968 4.642656 0.011475 -0.012296 0.575736 -0.817463
1625132541.117710 5.374858 -4.773851 4.633404 0.016697 -0.016543 0.537129 -0.843173
1625132541.217401 5.397257 -4.809580 4.619471 0.015484 -0.021218 0.494222 -0.868939
1625132541.317319 5.426282 -4.847192 4.609610 0.011200 -0.025719 0.437578 -0.898743
1625132541.417735 5.458559 -4.876847 4.604165 0.010781 -0.029915 0.398743 -0.916511
1625132541.517731 5.494821 -4.898733 4.596564 0.009979 -0.029090 0.352227 -0.935409
1625132541.618695 5.537010 -4.913167 4.588160 0.007766 -0.018954 0.322270 -0.946426
1625132541.718466 5.592338 -4.926950 4.578188 0.003724 -0.012042 0.286327 -0.958049
1625132541.818578 5.645426 -4.945165 4.563912 0.005222 -0.004466 0.265882 -0.963981
1625132541.918519 5.698170 -4.969776 4.559799 0.004257 -0.016662 0.229609 -0.973131
1625132542.018393 5.744734 -4.997315 4.553223 0.006033 -0.023247 0.199726 -0.979557
1625132542.118283 5.780791 -5.013887 4.575054 0.009702 -0.029606 0.166737 -0.985509
1625132542.217558 5.829792 -5.020718 4.599639 0.019587 -0.032401 0.126399 -0.991257
1625132542.317145 5.882708 -5.023783 4.617785 0.025951 -0.030279 0.080957 -0.995920
1625132542.416675 5.932430 -5.026186 4.615219 0.031511 -0.035088 0.047463 -0.997759
1625132542.517071 5.977524 -5.029174 4.610768 0.035170 -0.042030 0.019907 -0.998299
1625132542.617723 6.015872 -5.034886 4.606173 0.031500 -0.047667 -0.005525 -0.998351
1625132542.718513 6.049967 -5.040879 4.601198 0.021855 -0.051179 -0.017175 -0.998303
1625132542.818982 6.083590 -5.037055 4.589098 0.018546 -0.048817 -0.005966 -0.998618
1625132542.919038 6.121892 -5.034559 4.579408 0.019741 -0.051734 0.007826 -0.998435
1625132543.018703 6.173154 -5.035521 4.547946 0.021170 -0.051470 0.009564 -0.998404
1625132543.118344 6.222059 -5.041681 4.525660 0.019458 -0.050719 0.014497 -0.998418
1625132543.217560 6.263712 -5.051246 4.487257 0.015904 -0.045352 0.004105 -0.998836
1625132543.316769 6.298566 -5.055989 4.455967 0.011168 -0.035012 -0.033117 -0.998776
1625132543.414978 6.327787 -5.058113 4.442160 0.015909 -0.025253 -0.042359 -0.998657
1625132543.476562 6.341883 -5.062417 4.436187 0.020971 -0.025681 -0.039346 -0.998675
1625132543.576863 6.368795 -5.070599 4.422907 0.026098 -0.030609 -0.035466 -0.998561
1625132543.714210 6.413877 -5.077087 4.418150 0.027592 -0.041336 -0.031146 -0.998278
1625132543.816432 6.457833 -5.080217 4.408111 0.023894 -0.042443 -0.030746 -0.998340
1625132543.877896 6.486857 -5.082422 4.397682 0.020285 -0.037297 -0.021901 -0.998858
1625132544.016929 6.539360 -5.083315 4.355797 0.013482 -0.023120 -0.011892 -0.999571
1625132544.117074 6.578801 -5.079326 4.327616 0.013064 -0.017795 -0.000165 -0.999756
1625132544.216582 6.612269 -5.078569 4.290450 0.011736 -0.017366 0.004517 -0.999770
1625132544.315706 6.639791 -5.081824 4.247333 0.006879 -0.017952 0.000316 -0.999815
1625132544.415751 6.680029 -5.085045 4.224038 0.007171 -0.025306 -0.001249 -0.999653
1625132544.514800 6.725235 -5.089867 4.197529 0.013390 -0.030839 0.014460 -0.999330
1625132544.615818 6.768312 -5.099168 4.170583 0.015911 -0.024942 -0.002379 -0.999559
1625132544.676449 6.793372 -5.104308 4.139433 0.016881 -0.016392 -0.015496 -0.999603
1625132544.776805 6.837225 -5.119814 4.095662 0.016283 -0.012576 -0.024153 -0.999497
1625132544.877473 6.876052 -5.123464 4.079224 0.009606 -0.018303 -0.037431 -0.999085
1625132544.978046 6.912516 -5.132187 4.080248 0.000656 -0.019951 -0.024827 -0.999492
1625132545.078609 6.942698 -5.136863 4.058704 -0.004495 -0.011221 -0.011415 -0.999862
1625132545.179040 6.968714 -5.135633 4.025590 -0.005176 0.005023 0.002416 -0.999971
1625132545.279668 7.000936 -5.125038 3.972867 -0.004749 0.018485 0.025042 -0.999504
1625132545.379284 7.034333 -5.113571 3.933790 -0.001393 0.021346 0.033571 -0.999207
1625132545.477654 7.066317 -5.094698 3.897154 0.003475 0.018469 0.024427 -0.999525
1625132545.577619 7.115122 -5.097494 3.885501 0.010635 0.010671 0.033059 -0.999340
1625132545.677006 7.167107 -5.103373 3.880079 0.015817 0.009840 0.035543 -0.999195
1625132545.814485 7.217040 -5.117388 3.854974 0.017038 0.012933 0.021052 -0.999550
1625132545.876437 7.239085 -5.123400 3.839940 0.017796 0.013970 0.016684 -0.999605
1625132545.976294 7.268515 -5.130212 3.819639 0.019366 -0.001546 0.016688 -0.999672
1625132546.076415 7.311951 -5.138717 3.795810 0.028897 -0.017533 0.016051 -0.999300
1625132546.176668 7.359654 -5.153706 3.770823 0.031702 -0.031177 0.021593 -0.998778
1625132546.276891 7.391962 -5.157082 3.733947 0.029849 -0.035285 0.027707 -0.998547
1625132546.377097 7.415234 -5.156288 3.693330 0.026537 -0.032220 0.033116 -0.998579
1625132546.476989 7.427816 -5.149059 3.659342 0.022053 -0.025192 0.035267 -0.998817
1625132546.577001 7.447860 -5.150341 3.607387 0.020743 -0.011801 0.039098 -0.998950
1625132546.675975 7.466936 -5.138718 3.564849 0.020108 -0.002708 0.032053 -0.999280
1625132546.775916 7.494374 -5.138268 3.535788 0.021118 -0.012281 0.032803 -0.999163
1625132546.876134 7.529045 -5.142670 3.524200 0.019570 -0.024964 0.039385 -0.998720
1625132547.015570 7.565025 -5.142954 3.498153 0.018335 -0.012932 0.014275 -0.999646
1625132547.076218 7.578553 -5.137848 3.474566 0.024824 -0.004747 0.006838 -0.999657
1625132547.176281 7.601602 -5.154066 3.446344 0.033965 0.001426 0.039296 -0.998649
1625132547.276911 7.630871 -5.173513 3.423607 0.041049 -0.005594 0.056591 -0.997538
1625132547.375917 7.651450 -5.185655 3.409945 0.040505 -0.019038 0.022762 -0.998739
1625132547.476230 7.674465 -5.200410 3.403861 0.021831 -0.027966 0.018532 -0.999199
1625132547.577194 7.702094 -5.207568 3.397110 0.002783 -0.032758 0.019455 -0.999270
1625132547.677686 7.728398 -5.206639 3.388112 0.000022 -0.034585 0.013943 -0.999305
1625132547.778220 7.749427 -5.206304 3.367219 0.004953 -0.034654 0.019074 -0.999205
1625132547.877092 7.768104 -5.196084 3.357521 0.015156 -0.032410 0.024805 -0.999052
1625132547.976529 7.789129 -5.182466 3.337508 0.034472 -0.035566 0.026710 -0.998415
1625132548.076435 7.806962 -5.165392 3.312739 0.046515 -0.044620 0.012366 -0.997844
1625132548.176075 7.812550 -5.146565 3.258115 0.051076 -0.044109 0.003814 -0.997713
1625132548.276164 7.819998 -5.144458 3.207166 0.064135 -0.027521 0.035331 -0.996936
1625132548.376144 7.829942 -5.141486 3.165375 0.066389 -0.016671 0.043077 -0.996724
1625132548.474945 7.839678 -5.127286 3.106925 0.085320 -0.017691 0.007503 -0.996168
1625132548.575382 7.855165 -5.126138 3.050722 0.076670 -0.018141 0.003470 -0.996885
1625132548.675053 7.867714 -5.131835 3.007996 0.067744 -0.013392 0.015058 -0.997499
1625132548.775943 7.891082 -5.133683 2.988475 0.063700 -0.023771 0.007789 -0.997656
1625132548.875287 7.919585 -5.133037 2.971473 0.065806 -0.030698 -0.011890 -0.997289
1625132548.976653 7.956612 -5.144326 2.959157 0.057710 -0.027467 -0.000194 -0.997955
1625132549.077182 7.991955 -5.149876 2.946228 0.047273 -0.033811 -0.014358 -0.998206
1625132549.177145 8.031874 -5.147435 2.923186 0.026054 -0.052509 -0.052842 -0.996881
1625132549.278364 8.076409 -5.152686 2.887023 0.015242 -0.064816 -0.028104 -0.997385
1625132549.378865 8.122855 -5.153675 2.846227 0.018983 -0.066419 -0.004545 -0.997601
1625132549.478835 8.165972 -5.149300 2.809045 0.024149 -0.061699 0.004723 -0.997791
1625132549.578568 8.200921 -5.145476 2.773270 0.019670 -0.058185 0.018016 -0.997949
1625132549.677764 8.235968 -5.137998 2.737636 0.020946 -0.065428 0.015812 -0.997512
1625132549.776725 8.266394 -5.139329 2.702768 0.026142 -0.074107 -0.001775 -0.996906
1625132549.876657 8.287471 -5.149833 2.690392 0.024850 -0.070631 -0.003728 -0.997186
1625132549.976470 8.313186 -5.150532 2.691092 0.022771 -0.058575 -0.009610 -0.997977
1625132550.076609 8.337228 -5.157081 2.692067 0.007804 -0.057228 -0.015546 -0.998210
1625132550.176896 8.366063 -5.169873 2.692015 -0.000309 -0.060558 -0.021286 -0.997938
1625132550.277781 8.385684 -5.192666 2.670439 -0.005415 -0.065974 -0.003308 -0.997801
1625132550.378145 8.403464 -5.208308 2.639168 -0.007353 -0.070320 -0.001529 -0.997496
1625132550.478255 8.421471 -5.216019 2.610632 -0.014457 -0.070385 0.004249 -0.997406
1625132550.578679 8.451801 -5.217783 2.586163 -0.014797 -0.079202 0.020510 -0.996538
1625132550.678538 8.489135 -5.203043 2.571854 -0.001569 -0.084427 0.022598 -0.996172
1625132550.777904 8.525742 -5.207511 2.552329 0.007236 -0.087253 0.033778 -0.995587
1625132550.877306 8.555423 -5.203716 2.523346 0.016413 -0.087609 0.026990 -0.995654
1625132550.976792 8.584066 -5.196428 2.508290 0.013254 -0.084998 0.021010 -0.996071
1625132551.076647 8.611205 -5.188646 2.512658 0.008892 -0.082631 0.016065 -0.996411
1625132551.177594 8.647451 -5.186420 2.507063 0.012764 -0.072249 0.008847 -0.997266
1625132551.278287 8.691706 -5.192924 2.498290 0.016152 -0.056313 0.020950 -0.998063
1625132551.377142 8.741684 -5.191412 2.487326 0.030376 -0.055355 0.015017 -0.997892
1625132551.477388 8.790597 -5.185677 2.460556 0.035143 -0.056224 0.012637 -0.997719
1625132551.576227 8.833225 -5.184349 2.456131 0.043758 -0.057864 0.012829 -0.997283
1625132551.675662 8.876796 -5.188778 2.454927 0.063418 -0.058803 -0.004503 -0.996243
1625132551.775282 8.919029 -5.194099 2.449284 0.072372 -0.065476 -0.028977 -0.994804
1625132551.875585 8.964933 -5.195016 2.440274 0.074943 -0.069365 -0.044078 -0.993795
1625132551.976038 9.006132 -5.199869 2.429338 0.067894 -0.067523 -0.035936 -0.994756
1625132552.077225 9.044390 -5.190930 2.417887 0.063096 -0.070676 -0.049991 -0.994246
1625132552.175540 9.087749 -5.168230 2.405650 0.058823 -0.076217 -0.058684 -0.993623
1625132552.275278 9.135320 -5.144135 2.382925 0.058473 -0.080268 -0.065261 -0.992914
1625132552.376327 9.176992 -5.114325 2.339432 0.052331 -0.081346 -0.090645 -0.991175
1625132552.474817 9.200437 -5.087693 2.288356 0.042097 -0.078820 -0.122200 -0.988475
1625132552.585662 9.224214 -5.046546 2.235585 0.043687 -0.073463 -0.164949 -0.982592
1625132552.685766 9.263777 -5.007483 2.206151 0.045671 -0.086804 -0.188770 -0.977111
1625132552.797753 9.320640 -4.964090 2.179564 0.039238 -0.103555 -0.261291 -0.958887
1625132552.914679 9.376392 -4.922866 2.166098 0.031184 -0.108878 -0.321857 -0.939990
1625132553.014877 9.412662 -4.882111 2.167852 0.024713 -0.112746 -0.393605 -0.912005
1625132553.113151 9.430584 -4.834564 2.168961 0.019576 -0.108483 -0.452994 -0.884672
1625132553.215405 9.423638 -4.770503 2.172625 0.022727 -0.101802 -0.502178 -0.858450
1625132553.315309 9.399845 -4.699858 2.179637 0.026613 -0.104364 -0.567816 -0.816079
1625132553.415404 9.368575 -4.628352 2.184460 0.035635 -0.104970 -0.622768 -0.774514
1625132553.515281 9.330683 -4.565251 2.178445 0.049870 -0.090661 -0.663556 -0.740937
1625132553.605369 9.299061 -4.516857 2.172136 0.064447 -0.080615 -0.697472 -0.709140
1625132553.714521 9.283139 -4.464857 2.181619 0.061725 -0.089774 -0.758514 -0.642485
1625132553.804714 9.269494 -4.418269 2.185360 0.062956 -0.092809 -0.797379 -0.592967
1625132553.904478 9.217205 -4.373053 2.173450 0.074016 -0.074553 -0.826935 -0.552397
1625132554.004430 9.141817 -4.342844 2.163382 0.085740 -0.051478 -0.858377 -0.503177
1625132554.104364 9.067081 -4.318890 2.157627 0.099504 -0.041285 -0.895678 -0.431457
1625132554.203648 8.997950 -4.297578 2.171113 0.108206 -0.028184 -0.926660 -0.358885
1625132554.313401 8.930315 -4.274856 2.194875 0.115687 -0.022762 -0.950195 -0.288491
1625132554.403939 8.891503 -4.261657 2.200914 0.109905 -0.028540 -0.966166 -0.231582
1625132554.504121 8.840904 -4.255612 2.203358 0.105659 -0.029140 -0.976173 -0.187280
1625132554.600549 8.785271 -4.257326 2.191420 0.104050 -0.024550 -0.981881 -0.156465
1625132554.716038 8.724949 -4.269928 2.174842 0.098207 -0.015385 -0.986922 -0.126897
1625132554.775517 8.703129 -4.279512 2.167696 0.089229 -0.012507 -0.988383 -0.122399
1625132554.875783 8.655908 -4.282559 2.164556 0.090282 0.001873 -0.987719 -0.127504
1625132554.975565 8.608815 -4.297799 2.160124 0.091221 0.006485 -0.989678 -0.110339
1625132555.075439 8.567417 -4.308650 2.155695 0.101749 0.004524 -0.990342 -0.094072
1625132555.174682 8.525638 -4.313543 2.147241 0.103398 -0.000101 -0.991823 -0.074804
1625132555.313763 8.474781 -4.314628 2.130017 0.092728 -0.005329 -0.994192 -0.054366
1625132555.414657 8.455080 -4.318378 2.103503 0.070671 -0.000188 -0.995372 -0.065114
1625132555.514013 8.435793 -4.314761 2.080382 0.055633 -0.000250 -0.997712 -0.038410
1625132555.613575 8.409771 -4.297052 2.057129 0.046618 -0.007991 -0.998796 -0.013035
1625132555.714193 8.382685 -4.280362 2.036506 0.043372 -0.003357 -0.998211 -0.041011
1625132555.813656 8.350293 -4.266867 2.027163 0.048473 -0.000521 -0.998192 -0.035527
1625132555.875189 8.323033 -4.261213 2.020903 0.056822 0.002506 -0.997992 -0.027881
1625132556.014594 8.256007 -4.240291 2.007277 0.076473 -0.016620 -0.996478 -0.030123
1625132556.076291 8.232968 -4.230992 1.995554 0.082160 -0.032496 -0.995777 -0.024945
1625132556.176813 8.194447 -4.221327 1.979401 0.089408 -0.051413 -0.994407 -0.022747
1625132556.277617 8.164104 -4.220250 1.952062 0.085951 -0.063481 -0.993018 -0.049984
1625132556.415273 8.127595 -4.231824 1.910632 0.074013 -0.055152 -0.992690 -0.077761
1625132556.514835 8.101835 -4.241306 1.893744 0.068780 -0.047965 -0.993406 -0.078192
1625132556.613986 8.057101 -4.243761 1.872342 0.068848 -0.046966 -0.994996 -0.055110
1625132556.676014 8.023109 -4.243804 1.851346 0.062101 -0.042439 -0.996228 -0.043273
1625132556.774671 7.974935 -4.242899 1.802456 0.057200 -0.032364 -0.997597 -0.021935
1625132556.874871 7.936128 -4.244540 1.746622 0.054304 -0.019584 -0.998330 -0.001938
1625132556.975374 7.901873 -4.241670 1.715737 0.057427 -0.014282 -0.998246 -0.001976
1625132557.075847 7.853936 -4.243337 1.706556 0.070953 -0.009747 -0.997400 0.007973
1625132557.176545 7.802123 -4.243400 1.703697 0.078391 -0.009369 -0.996768 0.014864
1625132557.277095 7.750904 -4.246236 1.689619 0.079747 -0.008901 -0.996749 0.007278
1625132557.377467 7.708107 -4.252660 1.658124 0.073579 -0.011923 -0.997075 0.016880
1625132557.477763 7.667024 -4.261382 1.625103 0.061432 -0.012296 -0.998024 0.004781
1625132557.577750 7.639572 -4.266185 1.591382 0.047734 -0.014443 -0.998753 0.002300
1625132557.677353 7.614053 -4.268302 1.563732 0.039752 -0.017305 -0.999027 0.008041
1625132557.776913 7.580249 -4.263263 1.552292 0.038288 -0.014062 -0.999158 0.004519
1625132557.876566 7.547781 -4.254660 1.536011 0.027589 -0.005439 -0.999564 0.009036
1625132557.975807 7.516060 -4.244950 1.506280 0.016276 -0.001252 -0.999604 0.022943
1625132558.076914 7.482113 -4.238005 1.479258 0.014635 0.001678 -0.999551 0.026076
1625132558.176839 7.444327 -4.235071 1.457688 0.027193 0.005388 -0.999456 0.017851
1625132558.276074 7.403610 -4.239066 1.430155 0.038072 0.007004 -0.998943 0.024805
1625132558.376294 7.359284 -4.243054 1.404530 0.042840 0.002732 -0.998836 0.022020
1625132558.476918 7.308936 -4.250368 1.368868 0.042592 -0.002569 -0.998981 0.014738
1625132558.577328 7.267251 -4.265338 1.327728 0.033794 -0.005795 -0.999330 0.012831
1625132558.677127 7.231243 -4.284111 1.279607 0.025473 -0.007238 -0.999624 0.007070
1625132558.815247 7.200156 -4.302572 1.225467 0.025323 -0.007763 -0.999649 -0.000696
1625132558.912477 7.170317 -4.312091 1.192166 0.028165 -0.001867 -0.999517 0.012963
1625132559.014770 7.131437 -4.315563 1.172992 0.022703 0.002857 -0.999724 0.005407
1625132559.076722 7.112941 -4.316045 1.162579 0.016521 0.004154 -0.999702 0.017484
1625132559.175635 7.086490 -4.315914 1.149006 0.003287 0.006652 -0.999054 0.042852
1625132559.276989 7.048334 -4.308826 1.128480 0.000071 0.006181 -0.999075 0.042551
1625132559.376764 7.008541 -4.308192 1.115257 0.001308 0.004810 -0.998387 0.056563
1625132559.476948 6.964005 -4.313631 1.104112 0.008607 0.004045 -0.998094 0.060976
1625132559.615475 6.903509 -4.327286 1.058286 0.008183 0.003884 -0.999521 0.029600
1625132559.677860 6.878307 -4.332383 1.020221 0.004326 0.001544 -0.999653 0.025943
1625132559.811007 6.822748 -4.354537 0.928524 -0.002269 -0.011160 -0.999672 0.022931
1625132559.910671 6.784628 -4.364482 0.875751 -0.004026 -0.025433 -0.999503 0.018210
1625132559.976994 6.765606 -4.367282 0.856863 0.003354 -0.026593 -0.999284 0.026704
1625132560.110813 6.721653 -4.367108 0.824915 0.015719 -0.029154 -0.999401 0.010024
1625132560.210881 6.687309 -4.363263 0.803448 0.021196 -0.023390 -0.999499 0.002221
1625132560.310208 6.650644 -4.357616 0.783298 0.015966 -0.018780 -0.999500 0.019796
1625132560.376663 6.628602 -4.352349 0.770022 0.003721 -0.016542 -0.999386 0.030668
1625132560.514607 6.588083 -4.345082 0.742565 -0.015024 -0.010279 -0.998766 0.046199
1625132560.614793 6.566581 -4.341738 0.732012 -0.021379 -0.000982 -0.999112 0.036306
1625132560.677253 6.551863 -4.335801 0.722786 -0.018842 -0.000735 -0.999017 0.040118
1625132560.777834 6.523355 -4.335192 0.707196 -0.019438 0.000988 -0.997956 0.060867
1625132560.877771 6.492247 -4.337272 0.675852 -0.023225 -0.006485 -0.998505 0.049064
1625132560.977995 6.455860 -4.345944 0.627619 -0.024684 -0.009891 -0.999062 0.034181
1625132561.110165 6.411956 -4.365699 0.565681 -0.025214 -0.006935 -0.998757 0.042439
1625132561.211188 6.379418 -4.386654 0.532534 -0.020107 -0.009002 -0.999517 0.021918
1625132561.309507 6.339355 -4.406146 0.506282 -0.010643 -0.008958 -0.998516 0.052651
1625132561.410790 6.288283 -4.424861 0.499546 0.006549 -0.009944 -0.994348 0.105497
1625132561.509533 6.247117 -4.431176 0.487895 0.005595 -0.013634 -0.996765 0.079003
1625132561.610297 6.206723 -4.429221 0.478464 0.008655 -0.006956 -0.997802 0.065332
1625132561.712841 6.166780 -4.423910 0.454869 0.008515 -0.000284 -0.996607 0.081864
1625132561.811040 6.126426 -4.412091 0.420082 0.011553 0.001464 -0.997908 0.063589
1625132561.913793 6.085922 -4.397936 0.383362 0.022358 0.004472 -0.998369 0.052347
1625132562.011241 6.050138 -4.379003 0.335710 0.030797 -0.001121 -0.999003 0.032314
1625132562.113018 6.008798 -4.355137 0.298749 0.037394 -0.015143 -0.998522 0.036425
1625132562.216540 5.966091 -4.335939 0.256331 0.037377 -0.025966 -0.998501 0.030415
1625132562.310687 5.927833 -4.322301 0.217006 0.032441 -0.033263 -0.998832 -0.013293
1625132562.416563 5.894976 -4.315636 0.180479 0.026778 -0.035708 -0.996978 -0.063575
1625132562.506594 5.867354 -4.315024 0.155739 0.024898 -0.034716 -0.992416 -0.115258
1625132562.605632 5.835306 -4.308773 0.138043 0.024483 -0.038012 -0.987127 -0.153412
1625132562.704617 5.797157 -4.292061 0.128951 0.030158 -0.039879 -0.984120 -0.170317
1625132562.804297 5.759889 -4.265044 0.130009 0.040195 -0.039574 -0.975871 -0.210934
1625132562.914473 5.724252 -4.229650 0.123769 0.045444 -0.034004 -0.967548 -0.246230
1625132563.003847 5.708512 -4.203791 0.116664 0.043749 -0.028965 -0.960795 -0.272249
1625132563.103772 5.695449 -4.174980 0.111957 0.039743 -0.023916 -0.951486 -0.304175
1625132563.203785 5.676360 -4.146681 0.117189 0.035410 -0.018784 -0.944253 -0.326771
1625132563.303891 5.654134 -4.113414 0.120979 0.032005 -0.019494 -0.933085 -0.357698
1625132563.404448 5.632423 -4.071349 0.115586 0.028913 -0.020803 -0.914813 -0.402304
1625132563.504842 5.615921 -4.031901 0.111451 0.023889 -0.020340 -0.897987 -0.438902
1625132563.605193 5.600086 -3.995501 0.106946 0.017884 -0.020439 -0.869518 -0.493153
1625132563.710720 5.590356 -3.959758 0.104466 0.008091 -0.019166 -0.839414 -0.543095
1625132563.810847 5.585414 -3.919059 0.099328 0.008356 -0.018527 -0.807133 -0.590019
1625132563.910311 5.580042 -3.877397 0.099756 0.009306 -0.015854 -0.787905 -0.615523
1625132564.009391 5.574984 -3.831753 0.097403 0.012231 -0.011089 -0.760444 -0.649194
1625132564.108377 5.576606 -3.786672 0.088153 0.012742 -0.003815 -0.751284 -0.659845
1625132564.207764 5.579148 -3.734980 0.076257 0.008484 -0.000670 -0.740680 -0.671805
1625132564.307794 5.579392 -3.676877 0.071192 0.006512 0.004895 -0.730590 -0.682768
1625132564.407951 5.589328 -3.615517 0.075816 0.011970 -0.000136 -0.729526 -0.683848
1625132564.507663 5.603652 -3.551731 0.082503 0.014571 -0.011993 -0.726760 -0.686632
1625132564.608407 5.624280 -3.490813 0.072054 0.015204 -0.021240 -0.730747 -0.682148
1625132564.708891 5.636462 -3.436156 0.050180 0.016291 -0.026661 -0.732452 -0.680102
1625132564.809633 5.641938 -3.373658 0.036131 0.019216 -0.026066 -0.736670 -0.675477
1625132564.876550 5.639091 -3.327725 0.030699 0.016848 -0.026518 -0.736694 -0.675496
1625132565.010462 5.631606 -3.225714 -0.006140 0.017572 -0.021765 -0.733911 -0.678670
1625132565.110720 5.625042 -3.142278 -0.035266 0.025740 -0.014455 -0.732847 -0.679752
1625132565.210265 5.619990 -3.062776 -0.065502 0.035168 -0.008234 -0.742868 -0.668463
1625132565.319386 5.622529 -2.970768 -0.095277 0.042898 -0.007498 -0.744641 -0.666043
1625132565.419510 5.628406 -2.895352 -0.110879 0.047445 -0.016441 -0.746119 -0.663917
1625132565.509958 5.628919 -2.826255 -0.092782 0.045054 -0.018647 -0.750371 -0.659216
1625132565.614681 5.619447 -2.747088 -0.082641 0.043175 -0.019630 -0.748192 -0.661785
1625132565.714733 5.612098 -2.663806 -0.074584 0.040554 -0.017073 -0.750166 -0.659784
1625132565.814385 5.612913 -2.578953 -0.073265 0.039272 -0.017302 -0.753450 -0.656103
1625132565.913868 5.622507 -2.499792 -0.054274 0.046061 -0.021199 -0.753317 -0.655699
1625132565.997139 5.629899 -2.425716 -0.039630 0.053591 -0.021767 -0.752300 -0.656276
1625132566.099231 5.629876 -2.336853 -0.019725 0.055879 -0.023521 -0.764468 -0.641804
1625132566.201431 5.619236 -2.241939 0.000730 0.061168 -0.026679 -0.757795 -0.649071
1625132566.303746 5.609203 -2.158683 0.010312 0.060359 -0.033384 -0.764562 -0.640848
1625132566.404342 5.600572 -2.079383 0.014265 0.053708 -0.036175 -0.768025 -0.637137
1625132566.504473 5.590487 -2.002146 0.016826 0.041700 -0.029845 -0.762564 -0.644877
1625132566.610018 5.582082 -1.917934 0.023512 0.037376 -0.027739 -0.758520 -0.649985
1625132566.714260 5.569863 -1.828586 0.031963 0.045237 -0.028918 -0.749688 -0.659610
1625132566.814111 5.557425 -1.743683 0.035282 0.049479 -0.026469 -0.753519 -0.655027
1625132566.913728 5.543661 -1.655108 0.033394 0.051119 -0.023695 -0.754081 -0.654361
1625132567.002632 5.537173 -1.582407 0.028869 0.049224 -0.017245 -0.761137 -0.646490
1625132567.102469 5.531949 -1.504784 0.029977 0.046298 -0.014805 -0.776766 -0.627911
1625132567.201874 5.526594 -1.424093 0.036220 0.044813 -0.011343 -0.800646 -0.597352
1625132567.301984 5.505642 -1.327081 0.040748 0.051371 -0.012396 -0.823096 -0.565438
1625132567.401998 5.474236 -1.239389 0.045510 0.052523 -0.011788 -0.839735 -0.540322
1625132567.502484 5.438550 -1.155265 0.044862 0.053670 -0.013899 -0.859409 -0.508275
1625132567.602754 5.392920 -1.068422 0.034609 0.049024 -0.015060 -0.876848 -0.478025
1625132567.703753 5.334561 -0.994356 0.020682 0.038376 -0.011914 -0.894050 -0.446161
1625132567.815678 5.275611 -0.944733 0.014590 0.027544 -0.005770 -0.913104 -0.406754
1625132567.916090 5.221551 -0.899970 0.023150 0.030661 0.001593 -0.922881 -0.383859
1625132568.016079 5.164215 -0.861521 0.030149 0.036957 0.006438 -0.930796 -0.363610
1625132568.116158 5.100487 -0.827131 0.032990 0.039226 0.003268 -0.949076 -0.312580
1625132568.215547 5.042356 -0.780278 0.022330 0.029968 0.001273 -0.961044 -0.274764
1625132568.315265 4.981016 -0.740853 0.014130 0.020676 0.000970 -0.975563 -0.218743
1625132568.414565 4.932956 -0.698493 0.014521 0.014789 0.007051 -0.984928 -0.172189
1625132568.514612 4.879108 -0.671822 0.019322 0.017987 0.011289 -0.993006 -0.116138
1625132568.614958 4.820958 -0.649269 0.027216 0.022567 0.009655 -0.997012 -0.073249
1625132568.715750 4.754116 -0.625069 0.025160 0.028618 0.004306 -0.998651 -0.043115
1625132568.816392 4.678940 -0.604234 0.007662 0.034054 -0.001884 -0.999355 -0.011223
1625132568.917266 4.596026 -0.594024 -0.006012 0.036364 -0.004790 -0.999308 0.006211
1625132569.017716 4.505533 -0.592438 -0.018833 0.034837 -0.003856 -0.999319 0.011569
1625132569.117615 4.417521 -0.597930 -0.020364 0.039644 -0.001716 -0.999053 0.017852
1625132569.217447 4.319382 -0.592560 -0.012352 0.049074 -0.002186 -0.998790 -0.002408
1625132569.317017 4.219732 -0.581806 -0.005306 0.056451 -0.006512 -0.998366 0.006030
1625132569.416481 4.133800 -0.561061 -0.006053 0.061055 -0.013217 -0.998028 0.006152
1625132569.515746 4.042683 -0.550655 -0.015026 0.058761 -0.011419 -0.998205 -0.002043
1625132569.614960 3.949656 -0.544955 -0.019926 0.053054 -0.007274 -0.998537 0.007509
1625132569.714110 3.861212 -0.541508 -0.016454 0.043984 -0.000660 -0.998941 0.013474
1625132569.813648 3.773739 -0.537143 -0.002377 0.040873 0.004807 -0.998754 0.028233
1625132569.913835 3.686528 -0.527894 0.003314 0.039110 0.004252 -0.998550 0.036753
1625132570.014429 3.582226 -0.518521 0.005136 0.042684 0.003226 -0.998058 0.045248
1625132570.115135 3.467007 -0.510122 -0.006003 0.042528 0.002186 -0.997807 0.050668
1625132570.215926 3.354999 -0.512195 -0.021217 0.037282 0.001084 -0.998078 0.049493
1625132570.316086 3.247949 -0.528844 -0.030557 0.031989 -0.002431 -0.998526 0.043770
1625132570.415884 3.145731 -0.542483 -0.022639 0.039762 -0.001925 -0.998546 0.036343
1625132570.515649 3.042685 -0.550737 -0.011028 0.043586 -0.004648 -0.998334 0.037513
1625132570.615526 2.938484 -0.556942 -0.007741 0.047714 -0.010002 -0.998057 0.038809
1625132570.715334 2.836008 -0.558819 -0.014208 0.047531 -0.014008 -0.997982 0.039711
1625132570.814967 2.734936 -0.553390 -0.023063 0.043681 -0.012987 -0.998249 0.037712
1625132570.914397 2.632991 -0.552903 -0.027094 0.037473 -0.009933 -0.998259 0.044446
1625132571.007066 2.539148 -0.549274 -0.020484 0.030731 -0.011163 -0.998181 0.050649
1625132571.108011 2.448986 -0.537921 -0.007218 0.031502 -0.012329 -0.997906 0.055124
1625132571.208368 2.350816 -0.524117 -0.003413 0.035597 -0.008204 -0.997838 0.054633
1625132571.314832 2.245429 -0.520044 -0.011474 0.034840 -0.007449 -0.998066 0.050941
1625132571.409475 2.151173 -0.518220 -0.024353 0.025267 -0.009948 -0.998460 0.048375
1625132571.509824 2.034813 -0.525006 -0.029464 0.019245 -0.009213 -0.998965 0.040170
1625132571.615433 1.913032 -0.533719 -0.023122 0.020853 -0.003260 -0.998800 0.044190
1625132571.710091 1.801377 -0.527606 -0.016536 0.030634 0.005121 -0.999427 0.013462
1625132571.815529 1.667977 -0.509580 -0.013193 0.040184 0.007258 -0.998875 0.024130
1625132571.915405 1.549157 -0.488272 -0.020077 0.038555 0.005529 -0.999043 0.019897
1625132572.014831 1.436488 -0.468644 -0.033260 0.029530 0.004668 -0.999071 0.031023
1625132572.108898 1.342674 -0.454157 -0.034669 0.021306 0.006716 -0.998908 0.041031
1625132572.208024 1.250350 -0.441728 -0.023769 0.021160 0.009638 -0.998536 0.048845
1625132572.308680 1.177215 -0.439291 -0.013561 0.023365 0.005226 -0.997802 0.061793
1625132572.408622 1.101537 -0.438671 -0.009257 0.025032 0.002357 -0.997931 0.059168
1625132572.508676 1.026885 -0.437912 -0.016742 0.020578 0.001566 -0.998310 0.054321
1625132572.609440 0.944334 -0.434076 -0.029195 0.012481 0.002114 -0.998915 0.044817
1625132572.709208 0.833664 -0.424852 -0.026011 0.006046 0.003888 -0.998838 0.047662
1625132572.809385 0.731798 -0.429611 -0.016389 0.008407 0.002802 -0.999176 0.039604
1625132572.910268 0.621105 -0.435149 -0.009487 0.012662 0.004909 -0.999747 0.017950
1625132573.009718 0.545069 -0.435277 -0.009182 0.020306 0.003427 -0.999525 0.022915
1625132573.109097 0.478319 -0.427610 -0.013913 0.020686 -0.004470 -0.999680 0.013889
1625132573.214616 0.417639 -0.419519 -0.015104 0.016157 -0.007761 -0.999772 0.011622
1625132573.308617 0.360312 -0.414830 -0.018624 0.011077 -0.005708 -0.999806 0.015231
1625132573.408819 0.304423 -0.400979 -0.018075 0.004169 -0.001821 -0.999789 0.020039
1625132573.508175 0.248758 -0.392508 -0.013338 0.005763 0.002485 -0.999353 0.035401
1625132573.607646 0.186107 -0.391482 -0.010078 0.003860 0.004972 -0.998829 0.047964
1625132573.707249 0.132861 -0.390302 -0.003901 0.009226 0.007705 -0.998625 0.051017
1625132573.808430 0.073915 -0.390068 -0.005105 0.010959 0.008359 -0.998580 0.051462
1625132573.907500 0.016241 -0.396840 -0.008669 0.015489 0.007340 -0.998330 0.055170
